0                      -6870.361458237647     -1221.648760180399     12.06646228489086      -0.1668231824603867    1.012147169826821      7.487925614766487      6978.139999999978      1.245890273512737e-16  97.8                   0                      190.0962               0.1000000000038442     1.593638951542424      6978.139098641981      -3.168583074186815     1.537295520722416      0.003048817055936863   7.487562411657425      
10.00000013737008      -6871.626148780186     -1211.455737014143     86.94353915613011      -0.0861124594592361    1.026437506531561      7.487342771834424      6978.137571786675      1.4695302895411e-05    97.80000137006361      91.7679432566692       190.096200012142       268.9526142026507      16.96601997963874      6977.750393143087      71.70575641204194      1.537130335899147      -0.08078911069976144   7.487158541523595      
19.99999996041879      -6872.083674042482     -1201.120412003574     161.8103781396661      -0.005391721190782441  1.040607257580311      7.485878057885857      6978.130788294541      2.939715822034181e-05  97.80000519759143      93.29577184683882      190.0962000838949      268.0453430724459      32.33523894284085      6976.523349778996      146.5716478638702      1.536663148029195      -0.1646170344788004    7.485872821945242      
30.00000009778887      -6871.733981716463     -1190.643999414126     236.6581613229828      0.07532946334249066    1.054654743645072      7.48353165023448       6978.119653060081      4.411149406260546e-05  97.8000114804872       94.82275978428908      190.0962002689631      267.1389126066024      47.69827647606565      6974.45812024507       221.4202734784342      1.535894034788333      -0.2484246232807026    7.483705409017888      
39.99999992083758      -6870.577115184513     -1180.027730230753     311.478073100165       0.1560415252563307     1.068578300185705      7.480303832880917      6978.10417166519       5.884419964351517e-05  97.80002021551108      96.34853963446287      190.0962006209902      266.2336902507204      63.0521136063925       6971.55495953767       296.2428175472887      1.53482312482105       -0.332201548731267     7.480656565524308      
50.00000005820766      -6868.61321351214      -1169.272852008981     386.2613012385638      0.2367348970151339     1.082376277663023      7.476194996469222      6978.084351734131      7.360110794227449e-05  97.80003139828129      97.87274713954444      190.0962011935344      265.3300402737265      78.39373354216335      6967.814225912183      371.030467523089       1.533450597680137      -0.4159374867556834    7.476726660893757      
59.99999988125637      -6865.842511428341     -1158.380628723842     460.9990379449468      0.3174000136618859     1.096047041749562      7.471205638227277      6978.060202929632      8.838797855371011e-05  97.80004502327631      99.39502214977567      190.0962020400438      264.4283228365763      93.72012090174397      6963.236380844651      445.7744150857861      1.53177668384863       -0.4996221186869756    7.471916171145087      
70.00000001862645      -6862.265339293666     -1147.352340616719     535.6824809309702      0.398027314047363      1.109588973538012      7.465336361891096      6978.031736947908      0.0001032104808484523  97.80006108383763      100.915009540587       190.096203213831       263.5288930751422      109.0282635019199      6957.821988956353      520.4658572081687      1.529801664630918      -0.5832451329367693    7.466225678813791      
80.00000015599653      -6857.882123056005     -1136.189284040105     610.3028344778162      0.4786072420583362     1.123000469747228      7.458587877613079      6977.998967512846      0.0001180741774998954  97.8000795721729       102.4323600875322      190.0962047680496      262.6321002252967      124.3151517472647      6951.57171795044       595.0959972206009      1.527525872172405      -0.6667962261366396    7.45965587286297       
89.99999997904524      -6852.693384194082     -1124.892771300324     684.8513104998297      0.5591302478445084     1.136279942925817      7.45096100185422       6977.961910369095      0.000132984508442413   97.80010047935971      103.9467313127449      190.0962067556687      261.7382867764746      139.5777796188507      6944.486338517373      669.656045874784       1.524949689378638      -0.7502651046297683    7.452207548578262      
100.0000001164153      -6846.699739648706     -1113.464130498229     759.3191296069998      0.6395867890439327     1.149425821653234      7.442456657260342      6977.920583274311      0.0001479467753172436  97.8001237953499       105.4577882827208      190.0962092294489      260.8477876739095      154.8131456569627      6936.56672422028       744.1372224063906      1.522073549791409      -0.8336414859589469    7.443881607446798      
109.999999939464       -6839.901901741765     -1101.904705367892     833.6975221661228      0.7199673320066479     1.162436550738359      7.433075872522384      6977.875005990387      0.0001629661264623472  97.80014950897427      106.9652043626296      190.0962122419178      259.9609295643387      170.018252354453       6927.813851399124      818.5307555964084      1.518897937631606      -0.9169151000033439    7.434679057020198      
120.0000000768341      -6832.300678082992     -1090.215855113334     907.9777293604878      0.8002623530162731     1.175310591415509      7.422819782220795      6977.825200273731      0.0001780475424961845  97.80017760794784      108.4686619208251      190.0962158453459      259.0780300915129      185.1901079346821      6918.228799012052      892.8278848310324      1.515423387569762      -1.000075690636273     7.424601010761683      
129.9999998998828      -6823.896971464536     -1078.398954243298     982.1510042479283      0.8804623395093085     1.188046421537862      7.411689626654108      6977.771189864654      0.0001931958225396795  97.80020807887578      109.9678529772689      190.0962200917218      258.1993972477891      200.3257255855974      6907.812748519745      967.0198611599526      1.511650484793474      -1.083113016821996     7.413648687877336      
140.0000000372529      -6814.69177974335      -1066.455392404105     1056.20861281708       0.9605577912918886     1.200642535768225      7.399686751651731      6977.713000475786      0.0002084155711179423  97.80024090725949      111.4624797978418      190.0962250327296      257.3253287798381      215.4221252316316      6896.566983693733      1041.097948352871      1.507579864730119      -1.166016854265831     7.401823413131605      
149.9999998603016      -6804.686195711413     -1054.386574210614     1130.141835041688      1.040539221753719      1.213097445767156      7.386812608371031      6977.650659779545      0.000223711185776314   97.80027607750355      112.9522554307819      190.0962307197234      256.4561116522232      230.4763327708172      6884.492890478805      1115.053423954097      1.503212213127147      -1.248776996505693     7.389126616647076      
159.9999999976717      -6793.881406953845     -1042.193919075318     1203.941965932808      1.120397159078969      1.225409680378363      7.373068753078797      6977.584197394698      0.0002390868454400276  97.80031357292307      114.4369041825061      190.0962372037047      255.5920215715969      245.4853818404706      6871.5919567684        1188.877580335067      1.49854826572705       -1.331383256553338     7.375559833688613      
170.0000001350418      -6782.278695694915     -1029.878861035591     1277.60031658874       1.200122147453843      1.237577785811367      7.358456846917147      6977.513644872031      0.0002545464995421656  97.80035337575129      115.9161620325043      190.0962445352985      254.7333225718238      260.4463132121623      6857.865772239328      1262.561725744617      1.493588808328513      -1.413825468013396     7.36112470443195       
179.9999999580905      -6769.879438632007     -1017.442848579136     1351.108215242549      1.279704748270619      1.249600325821399      7.342978655653969      6977.439035679065      0.0002700938579404049  97.80039546714804      117.3897769887361      190.0962527647298      253.880266658601       275.3561757659081      6843.316028124244      1336.097185356874      1.48833467657564       -1.496093486543574     7.345822973716806      
190.0000000954606      -6756.685106757545     -1004.887344467635     1424.457008307011      1.35913554132786       1.261475881886487      7.326636049417973      6977.360405183886      0.00028573238163333    97.80043982720849      118.8575093810056      190.0962619418007      253.0330935161006      290.2120274566716      6827.944516964417      1409.475302316592      1.48278675570478       -1.578177191308007     7.329656490784579      
199.9999999185093      -6742.697265168955     -992.2138255586472     1497.638061416831      1.438405126026612      1.273203053381705      7.30943100241848       6977.277790638105      0.0003014652742881424  97.80048643497236      120.3191320945776      190.0962721158672      252.1920302733699      305.0109347132496      6811.753132412758      1482.687438781802      1.476945980629151      -1.660066486085092     7.312627209000812      
210.0000000558794      -6727.917572866667     -979.4237826257817     1570.642760467986      1.517504122562293      1.284780457750571      7.291365592650005      6977.191231158902      0.0003172954745813515  97.80053526843362      121.7744307452748      190.0962833358164      251.3572913292514      319.749974185899       6794.743868927757      1555.724976963595      1.470813335495327      -1.741751300881066     7.2947371855624        
219.9999998789281      -6712.347782540237     -966.5187201771666     1643.462512654036      1.596423173112074      1.296206730673554      7.272442001581761      6977.100767710179      0.000333225649354482   97.8005863045509       123.2232037974484      190.0962956500441      250.5290782344279      334.4262319891399      6776.918821560437      1628.579320162912      1.464389853809853      -1.823221592994502     7.275988581189734      
230.0000000162981      -6695.989740342611     -953.5001562722496     1716.088747499259      1.6751529430175        1.307480526233648      7.252662513832207      6977.006443082915      0.0003492581875751773  97.80063951925803      124.6652626256368      190.0963091064322      249.7075796297805      349.0368054392595      6758.280185616207      1701.241893804175      1.457676617949142      -1.90446734861627      7.256383659803874      
240.0000001536682      -6678.845385652591     -940.3696223369567     1788.512917888449      1.753684121962119      1.318600517079024      7.232029516828721      6976.908301874596      0.0003653951950987956  97.8006948874752       126.1004315241713      190.0963237523268      248.8929712367984      363.5788024549327      6738.830256412237      1773.704146465622      1.450674759253731      -1.985478583917842     7.235924788188827      
249.9999999767169      -6660.916750825544     -927.1286629772397     1860.726501093247      1.832007425143895      1.329565394582699      7.210545500452539      6976.806390467813      0.0003816384902164266  97.80075238312074      127.5285476665477      190.0963396345162      248.0854158982235      378.0493425133711      6718.571428949064      1845.957550906179      1.44338545771895       -2.066245346470551     7.214614435639087      
260.000000114087       -6642.20596093242      -913.778835791042      1932.720999794841      1.910113594442183      1.340373868999216      7.188213056669086      6976.70075700807       0.0003979895999706314  97.80081197912297      128.9494610162296      190.0963567992096      247.2850636672618      392.4455575960598      6697.506197563056      1917.99360508875       1.435809941644095      -2.146757716655339     7.192455173592554      
269.9999999371357      -6622.715233487126     -900.321711178712      2004.4879431029        1.987993399579022      1.351024669618319      7.165034879143811      6976.591451380702      0.0004144497572227168  97.80087364743292      130.363034194544       190.096375292015       246.4920519397037      406.7645915928161      6675.637155653159      1989.803833199749      1.427949487751004      -2.227005808735034     7.169449675248946      
280.0000000745058      -6602.446878162325     -886.7588721518965     2076.018887570591      2.065637639274548      1.361516544915596      7.141013762843667      6976.478525187044      0.000431019898446422   97.80093735903725      131.7691423060875      190.096395157919       245.706505628532       421.0036020153407      6652.9669952635        2061.379786664751      1.419805420577587      -2.30697977241597      7.145600715173837      
289.9999998975545      -6581.403296493691     -873.0919141409405     2147.305418205547      2.143037142396307      1.371848262700058      7.116152603624373      6976.362031719738      0.0004477006622282263  97.80100308397166      133.1676727274564      190.0964164412655      244.928537375207       435.1597592484146      6629.498506797173      2132.713045160116      1.411379112651855      -2.386669793874922     7.120911168888472      
300.0000000349246      -6559.586981572721     -859.3224448008284     2218.339149476627      2.220182769102249      1.382018610258656      7.090454397803604      6976.242025937298      0.0004644923884419774  97.80107079133481      134.5585248608515      190.0964391857352      244.1582477960754      449.2302482482223      6605.234578567944      2203.795217620431      1.402671983840945      -2.466066097302407     7.095384012445479      
309.9999998579733      -6537.000517728144     -845.4520838156948     2289.111726316346      2.29706541197719       1.392026394497713      7.063922241720237      6976.11856443788       0.0004813951180742345  97.80114044930258      135.9416098569255      190.0964634343256      243.3957257595372      463.212267800751       6580.178196493418      2274.617943241646      1.393685501537445      -2.545158945918042     7.069022321990661      
319.9999999953434      -6513.646580195996     -831.4824627019365     2359.614825118829      2.37367599716257       1.40187044208123       7.036559331279827      6975.991705432303      0.0004984085936707625  97.80121202514273      137.316850310006       190.0964892293311      242.6410486908363      477.1030322047554      6554.332443616177      2345.172892479755      1.384421179964142      -2.623938643494549     7.04182927331094       
330.0000001327135      -6489.527934778433     -817.4152246099575     2429.840154733141      2.450005485479243      1.411549599566104      7.008368961486439      6975.861508716313      0.0005155322603713384  97.80128548523004      138.6841799293102      190.0965166123231      241.8942829008593      490.8997706837545      6527.700499765501      2415.451768044898      1.374880580311898      -2.702395535391573     7.013808141368711      
339.9999999557622      -6464.647437491352     -803.2520241245765     2499.779457451881      2.526044873543171      1.4210627335342        6.979354525961011      6975.728035642092      0.0005327652675060056  97.80136079506195      140.0435431893812      190.0965456241311      241.1554839357119      504.5997283078847      6500.285641104392      2485.446305890719      1.365065310309189      -2.780520009902389     6.98496229982266       
350.0000000931323      -6439.008034200901     -788.9945270641304     2569.424509994884      2.601785194873786      1.430408730721271      6.949519516446402      6975.591349089104      0.0005501064707181168  97.80143791927439      141.3948949623981      190.0965763048237      240.4246969444217      518.2001669024472      6472.091239658436      2555.148276198888      1.354977023751578      -2.858302499588115     6.955295220535283      
359.999999916181       -6412.61276024892      -774.6444102783034     2638.767124487912      2.677217520994834      1.439586498142738      6.918867522299291      6975.451513434158      0.0005675544345851263  97.80151682165818      142.7382001365636      190.0966086936902      239.7019570605627      531.698364466288       6443.120762948472      2624.549484358614      1.344617420664028      -2.935733482290809     6.924810473067201      
370.000000053551       -6385.464740067431     -760.2033614447154     2707.799149436197      2.752332962527547      1.448594963216304      6.887402229969084      6975.308594520835      0.0005851074357059591  97.80159746517583      144.0734332225483      190.096642829222       238.9872897958233      545.0916168198071      6413.377773436609      2693.641771941051      1.333988246494598      -3.012803482606009     6.893511724158524      
379.9999998765998      -6357.567186782234     -745.6730788642988     2776.512470692708      2.82712267027593       1.457433073881366      6.855127422464022      6975.162659628233      0.0006027634662221652  97.80167981197837      145.4005779508337      190.096678749095       238.2807114426746      558.3772368754976      6382.865928150171      2762.417017668438      1.323091292349408      -3.089503072848838     6.86140273719734       
390.0000000139698      -6328.923401805683     -731.0552712554977     2844.899012421022      2.901577836303997      1.46609979871529       6.82204697880463       6975.013777439031      0.0006205202377437564  97.80176382342317      146.7196268634196      190.0967164901521      237.5822294826745      571.552556268688       6351.588978098564      2830.867138377876      1.311928394143677      -3.165822874503753     6.828487371675564      
400.0000001513399      -6299.536774418734     -716.3516575473203     2912.950738052656      2.975689695004784      1.474594127046477      6.788164873464718      6974.862018006924      0.0006383751856518027  97.80184946009156      148.0305809014504      190.0967560883863      236.8918429988518      584.6149247793203      6319.550767864501      2898.984089979588      1.300501432775462      -3.241753559205462     6.794769582632306      
409.9999999743886      -6269.410781342342     -701.5639666712764     2980.659651238756      3.049449524160992      1.482915069064237      6.753485175800087      6974.70745272341       0.0006563254737459661  97.80193668180715      149.3334489914321      190.0967975789236      236.2095430895004      597.5617112214305      6286.755235059059      2966.759868409561      1.288812333605469      -3.31728585001611      6.760253420084924      
420.0000001117587      -6238.548986298302     -686.6939373522321     3048.017796796011      3.122848645997064      1.491061655925473      6.718012049465128      6974.550154283986      0.0006743679992108353  97.8020254476544       150.6282476321638      190.096840996007       235.5353132812567      610.3903043158298      6253.206409759586      3034.186510576425      1.276863065898696      -3.392410522687605     6.724943028447963      
429.9999999348074      -6206.955039559604     -671.7433178982144     3115.017261646671      3.195878428222567      1.499032939858173      6.681749751817515      6974.390196653741      0.0006924993978733695  97.80211571599749      151.9150004839284      190.0968863729804      234.8691299399202      623.0981121196484      6218.908414073494      3101.256095302484      1.264655643023171      -3.467118406618736     6.688842645940165      
440.0000000721775      -6174.632677490404     -656.7138659891958     3181.650175752555      3.268530285066724      1.506827994261674      6.644702633311152      6974.227655032375      0.0007107160497257563  97.80220744449946      153.1937379621397      190.0969337422733      234.2109626768137      635.68256361377        6183.865461483955      3167.960744258728      1.252192121494941      -3.541400386244545     6.651956603979687      
449.9999998952262      -6141.585722075689     -641.6073484648928     3247.90871304293       3.340795678303916      1.51444591380377       6.606875136877578      6974.062605818616      0.0007290140846906062  97.80230059014191      154.4644968369032      190.0969831353855      233.5607747492333      648.1411079914997      6148.081856408127      3234.292622893765      1.239474601261564      -3.615247401946432     6.614289326567811      
460.0000000325963      -6107.818080440738     -626.4255411116086     3313.785092336146      3.412666118270062      1.521885814514601      6.568271797296028      6973.895126574163      0.0007473893885998035  97.80239510924481      155.7273198393054      190.0970345828725      232.9185234541659      660.4712162247148      6111.561993515506      3300.243941356523      1.226505224707224      -3.688650451415321     6.575845329661235      
469.999999855645       -6073.333744360461     -611.1702284481546     3379.271578254915      3.4841331648697        1.529146833877344      6.528897240552317      6973.725295987027      0.0007658376093727947  97.80249095748675      156.9822552765232      190.0970881143313      232.284160513189       672.6703803597634      6074.310357267977      3365.806955412611      1.213286176949341      -3.761600590544938     6.536629220533198      
479.9999999930151      -6038.136789758722     -595.8432035108793     3444.360482135131      3.555188428573649      1.536228130915713      6.488756183186777      6973.553193834428      0.000784354163364347   97.80258808992535      158.2293566559546      190.0971437583867      231.6576324483464      684.7361150631315      6036.33152121118       3430.973967354254      1.19981968480359       -3.834088934768279     6.496645697123627      
490.0000001303852      -6002.231376197727     -580.4462676378383     3509.044162928104      3.625823571407137      1.543128886278293      6.447853431631404      6973.378900945157      0.0008029342418692224  97.80268646101813      159.4686823198721      190.0972015426779      231.0388809475031      696.6659570601164      5997.630147480995      3495.737326903661      1.18610801700544       -3.906106659960376     6.455899547378482      
499.9999999534339      -5965.621746357567     -564.9812302521383     3573.315028096121      3.696030307928249      1.549848302319634      6.406193881536447      6973.20249916145       0.0008215728177613576  97.80278602464338      160.7002950911971      190.0972614938453      230.4278432185767      708.4574659734716      5958.210986148118      3560.089432109737      1.172153483582405      -3.977645003611687     6.4143956485785        
510.000000090804       -5928.312225506055     -549.4499086444837     3637.165534501221      3.765800406196595      1.556385603178245      6.363782517086623      6973.024071300489      0.0008402646522479491  97.80288673412169      161.9242619304619      190.0973236375184      229.824452332582       720.1082251400189      5918.078874547153      3624.022730238034      1.157958435191843      -4.0486952659839       6.372138966657576      
519.9999999138527      -5890.307220958901     -533.8541277549618     3700.588189287072      3.835125688732064      1.562740034851368      6.32062441030715       6972.843701115356      0.0008590043017293945  97.80298854223743      163.1406536055301      190.0973879983039      229.2286375539163      731.6158410619165      5877.23873675765       3687.529718653827      1.143525263366046      -4.119248810986547     6.3291345555109        
530.0000000512227      -5851.611221530356     -518.1957199540938     3763.575550753868      3.903998033463595      1.568910865266614      6.27672472035982       6972.661473255655      0.0008777861247406757  97.80309140126069      164.3495443733669      190.0974545997736      228.6403246585942      742.9779448982931      5835.695582830333      3750.602945698233      1.128856399379746      -4.189297067443586     6.285387556293152      
539.9999998742715      -5812.228796974418     -502.476524823186      3826.120229226134      3.972409374667815      1.574897384350444      6.232088692829294      6972.477473227688      0.0008966042889667606  97.80319526296925      165.5510116748129      190.0975234644541      228.0594362394786      754.1921917831137      5793.454508266886      3813.235011557249      1.113954314596074      -4.258831529923595     6.240903196706872      
550.0000000116415      -5772.164597416715     -486.6983889340128     3888.214887913349      4.040351703897485      1.580698904093514      6.18672165899984       6972.291787354282      0.0009154527783155478  97.803300078671        166.7451358422098      190.0975946138157      227.4858919986603      765.2562622939513      5750.520693221131      3875.418569123638      1.098821519296291      -4.327843759977246     6.195686790281247      
560.0000001490116      -5731.423352777128     -470.86316562786       3949.85224376328       4.10781707089964       1.586314758612885      6.140629035122693      6972.104502734214      0.0009343254000390833  97.80340579922644      167.9319998201646      190.0976680682625      226.9196090266962      776.1678619068342      5706.899401944709      3937.146324851544      1.083460562939718      -4.396325386973463     6.149743735641519      
569.9999999720603      -5690.009872183317     -454.9727147939637     4011.025068307956      4.174797584523345      1.591744304211119      6.093816321674269      6971.915707201338      0.000953215791888702   97.80351237507134      169.1116888992368      190.0977438471228      226.3605020689266      786.9247217889035      5662.595982052544      3998.411039603769      1.067874033459125      -4.464268109183302     6.103079515769214      
580.0000001094304      -5647.929043375194     -439.0289026473719     4071.726188502173      4.24128541361697       1.596986919432294      6.046289102605429      6971.725489283364      0.0009721174292925461  97.80361975623984      170.2842904627589      190.09782196864        225.8084837786568      797.5245995668309      5617.615863774049      4059.205529491595      1.052064556523777      -4.531663694844819     6.055699697253377      
589.9999999324791      -5605.185832100493     -423.0336015062625     4131.948487554443      4.307272787914938      1.602042005114918      5.998053044581973      6971.533938160347      0.0009910236325535744  97.8037278923876       171.4498937462881      190.097902449964       225.2634649577086      807.9652787941426      5571.964559375502      4119.522666707076      1.036034795824173      -4.598503982971354     6.007609929533047      
600.0000000698492      -5561.785281501518     -406.9886895687476     4191.684905750319      4.372751998913831      1.606908984441765      5.949113896216608      6971.341143622864      0.001009927574051341   97.80383673281504      172.6085896101165      190.0979853071428      224.7253547839119      818.2445703612888      5525.647662300928      4179.355380347717      1.019787451809292      -4.664780884513985     5.958815944131166      
