0                      -812.6700286452202     -1364.871485090988     6905.671586866056      -7.012049157450219     -2.352848841122064     -1.287547363950947     7099.999999999999      0.001999999999999516   98.277102              89.99999999999503      19.99999999999999      10.00000000000496      -1198.771823176505     1054.413371105524      6903.822518772756      -1.01083733332232      7.400502990965544      -1.303120606225855     
10.00000013737008      -882.7439220607802     -1388.323459534185     6892.410423064192      -7.002599308611833     -2.337502441698404     -1.364660852187913     7100.068992846049      0.002014241110224802   98.27706240772162      89.33239610971245      20.00022008048612      11.27467245659714      -1208.759570137001     1128.365853399055      6890.405728451508      -0.9866961846417344    7.389850786430921      -1.380212624140871     
19.99999996041879      -952.7194122451112     -1411.620664666792     6878.378875086717      -6.992368690985185     -2.321895265804353     -1.441622761633782     7100.141818525363      0.002029486923154293   98.27702059462624      88.68623497024167      20.0004392820823       12.52789999363989      -1218.505434960103     1202.207536125974      6876.2187773279        -0.9624615555973       7.378343262273065      -1.457151329316218     
30.00000009778887      -1022.588697049469     -1434.760501376957     6863.578501817516      -6.981358426966531     -2.306029048888726     -1.518424475846615     7100.21844418761       0.002045703426925179   98.27697657970448      88.06246044858632      20.00065755716351      13.75873830323376      -1228.008502452009     1275.929871684106      6861.263241612735      -0.9381373802859754    7.365981543034728      -1.533928107855413     
39.99999992083758      -1092.34398598597      -1457.740388053377     6848.010948220713      -6.969569726315318     -2.289905555582917     -1.595057395379254     7100.298835256427      0.00206285539061171    98.27693038294471      87.46188336321687      20.00087485852779      14.9663761260086       -1237.267896916361     1349.524324109693      6845.540783570638      -0.9137276019629283    7.352766854181016      -1.610534363050768     
50.00000005820766      -1161.977501100724     -1480.557760876219     6831.677945165977      -6.957003886053904     -2.273526579518785     -1.671512938727754     7100.38295544525       0.002080906580792242   98.27688202532372      86.88518438664622      20.00109113941805      16.15013234858372      -1246.282782008837     1422.982370311491      6829.053151343406      -0.8892361711111276    7.338700522187064      -1.686961516331592     
59.99999988125637      -1231.48147784593      -1503.210074106201     6814.581309244352      -6.943662290358583     -2.256893943143467     -1.747782543279271     7100.470766773929      0.002099819969135155   98.27683152879692      86.3329182278207       20.00130635354333      17.30945182121296      -1255.052361054347     1496.295500853185      6811.802178763918      -0.8646670462138226    7.323783974270364      -1.763201008211827     
70.00000001862645      -1300.848165950834     -1525.694800371805     6796.722942574605      -6.929546410441915     -2.240009497531098     -1.823857666259322     7100.562229586115      0.002119557929089602   98.27677891628828      85.80551888844029      20.00152045509998      18.44390010150061      -1263.575876862894     1569.455221189102      6793.789785160536      -0.8400241918261695    7.308018738447672      -1.839244299237047     
80.00000015599653      -1370.069830291463     -1548.009430954594     6778.104832600116      -6.914657804426298     -2.2228751221915       -1.899729785678444     7100.657302567501      0.002140082420207236   98.27672421167941      85.30330578764467      20.00173339879298      19.55315732975121      -1271.852612024348     1642.453052470429      6775.017975152074      -0.8153115791730814    7.291406443273095      -1.915082870930829     
89.99999997904524      -1439.13875175906      -1570.151476072598     6758.729051876289      -6.898998117208768     -2.205492724875706     -1.975390401278026     7100.755942764717      0.002161355159018457   98.27666743979863      84.82649055469366      20.00194513985613      20.637011436326        -1279.881888874064     1715.28053263592       6755.488838433274      -0.790533185060772     7.273948817770365      -1.990708226740278     
100.0000001164153      -1508.047228127115     -1592.118465161743     6738.597757848522      -6.882569080316979     -2.187864241378439     -2.050831035475425     7100.858105605097      0.002183337775803224   98.27660862640931      84.37518430209222      20.00215563407287      21.69535086855414      -1287.66306942321      1787.929217504171      6735.204549550854      -0.7656929907974759    7.25564769134345       -2.066111892980816     
109.999999939464       -1576.787574916912     -1613.907947155283     6717.713192620726      -6.865372511756306     -2.169991635337485     -2.12604323430821      7100.963744917134      0.002205991956910823   98.27654779819797      83.94940520555241      20.00236483779626      22.72815701080745      -1295.195555679126     1860.390681571176      6714.167367670102      -0.7407949827771043    7.236504993496257      -2.141285419780083     
120.0000000768341      -1645.35212626151      -1635.517490761222     6696.077682714403      -6.847410315848056     -2.151876898029964     -2.20101856837749      7101.0728129517        0.002229279572611232   98.2764849827617       83.54908623560081      20.00257270796901      23.73549645292986      -1302.478789365506     1932.656519246561      6692.37963633204       -0.7158431505644742    7.216522753811014      -2.216220382020905     
129.9999998998828      -1713.73323576805      -1656.944684737667     6673.693638818302      -6.828684483058749     -2.133522048165476     -2.27574863379024      7101.185260404017      0.002253162790707696   98.27642020859551      83.17408290473556      20.00277920214302      24.71751324311747      -1309.512252292213     2004.718345616073      6669.843783201166      -0.6908414876400063    7.195703101634685      -2.290908380283224     
140.0000000372529      -1781.923277378323     -1678.187138166114     6650.563555528648      -6.809197089820371     -2.114929131676197     -2.350225053100639     7101.301036436326      0.002277604176347029   98.27635350507883      82.82418091407581      20.00298427849894      25.67442124130598      -1316.295466037524     2076.567797676877      6646.562319803763      -0.6657939894921289    7.174048266025538      -2.365341041785038     
149.9999998603016      -1849.91464622748      -1699.242480722604     6626.690011079972      -6.788950298341645     -2.096100221503771     -2.424439476250182     7101.420088701283      0.002302566778646539   98.27628490246195      82.4991036025168       20.003187895865        26.60649667005324      -1322.827992332323     2148.196535093938      6622.537841256836      -0.6407046543522084    7.1515605754262        -2.439510021322091     
159.9999999976717      -1917.699759500826     -1720.108362946743     6602.075667066539      -6.767946356410221     -2.077037417383137     -2.498383581506652     7101.54236336605       0.002328014204870118   98.27621443185201      82.19851912085092      20.00339001373579      27.5140709404553       -1329.10943270429      2219.596241433891      6597.773025987629      -0.6155774812940916    7.128242457578281      -2.513407002206393     
170.0000001350418      -1985.271057288579     -1740.78245650854      6576.723268154399      -6.746187597185736     -2.057742845623225     -2.572049076401794     7101.667805137092      0.002353910682981573   98.27614212519842      81.92204727031324      20.00359059229071      28.39752381363872      -1335.139428824542     2290.75862494515       6572.270635443779      -0.5904164707989021    7.10409643919517       -2.587023697203433     
179.9999999580905      -2052.621003438512     -1761.262454473041     6550.635641784061      -6.723676438983742     -2.038218658884518     -2.645427698667643     7101.796357285628      0.002380221113458366   98.276068015278        81.66926596095374      20.00378959241197      29.25727694242601      -1340.917662375964     2361.675419637002      6546.033513794103      -0.5652256236750917    7.079125145776992      -2.660351849468023     
190.0000000954606      -2119.742086406404     -1781.546071562712     6523.815697863815      -6.700415385050421     -2.018467035953476     -2.71851121717138      7101.927961673771      0.002406911111279143   98.27599213567986      81.43971725922879      20.00398697570224      30.09378782378217      -1346.443854886561     2432.338386358736      6519.064587620024      -0.5400089399889763    7.053331301403578      -2.733383233478641     
199.9999999185093      -2186.626820104173     -1801.631044417563     6496.26642845372       -6.676407023328046     -1.998490181513873     -2.791291432848736     7102.062558781347      0.002433947039003067   98.27591452078951      81.23291300686427      20.00418270450253      30.90754417998957      -1351.717768100935     2502.739313568946      6491.366865597687      -0.5147704196149215    7.02671772838759       -2.806109655970316     
210.0000000558794      -2253.267744745627     -1821.515131852966     6467.990907440247      -6.651654026211197     -1.978290325914928     -2.863760179635687     7102.200087733291      0.002461296031843817   98.27583520577318      81.04834000240071      20.00437674190863      31.6990587771411       -1356.739203529546     2572.870018563368      6462.94343817071       -0.4895140603548619    6.99928734710851       -2.878522956865775     
219.9999998789281      -2319.657427689733     -1841.196115115131     6438.992290201628      -6.626159150293605     -1.95786972493634      -2.935909325398506     7102.340486327724      0.002488926015615355   98.27575422656125      80.88546474679902      20.00456905178818      32.46886467957285      -1361.508002883841     2642.72234820637       6433.797477213676      -0.4642438586437606    6.971043175636926      -2.950615010204922     
230.0000000162981      -2385.788464281301     -1860.671798134228     6409.273813263917      -6.599925236105655     -1.937230659550179     -3.007730772862018     7102.483691064625      0.002516805718382301   98.27567161983173      80.74373776049957      20.00475959879685      33.21751093284374      -1366.02404758832      2712.288180154974      6403.932235686323      -0.4389638076799882    6.941988329535781      -3.02237772507251      
240.0000001536682      -2451.653478688996     -1879.940007775108     6378.838793947764      -6.572955207842462     -1.916375435679635     -3.079216460535956     7102.62963717513       0.002544904676609613   98.27558742299308      80.62259748522624      20.00494834839419      33.94555866196995      -1370.287259165682     2781.559423614236      6373.351047278452      -0.4136778979619741    6.912126021479958      -3.093803046523882     
249.9999999767169      -2517.245124740594     -1898.998594085588     6347.690630005947      -6.545252073082501     -1.895306383954607     -3.150358363639323     7102.778258651398      0.002573193236538268   98.27550167416703      80.52147378794254      20.00513526685925      34.65357756750788      -1374.297599029873     2850.528020400174      6342.057326045612      -0.3883901162203762    6.881459560977341      -3.164882956508708     
260.000000114087       -2582.55608675536      -1917.845430542292     6315.832799251662      -6.516818922496703     -1.874025859464209     -3.221148495022736     7102.929488277061      0.002601642551463846   98.27541441217062      80.43979108767151      20.00532032130595      35.34214279877342      -1378.0550682449       2919.185946001167      6310.054566035543      -0.363104444363415     6.849992354067504      -3.235609474792676     
269.9999999371357      -2647.579080373486     -1936.478414293984     6283.268859177606      -6.487658929548073     -1.852536241506056     -3.291578906088489     7103.083257658212      0.002630224575547955   98.2753256764984       80.37697112723563      20.00550347969758      36.01183218214096      -1381.559707934601     2987.525210320739      6277.346340905416      -0.3378248599990381    6.817727902920668      -3.305974659876878     
280.0000000745058      -2712.306853382466     -1954.895466402395     6250.002446565867      -6.457775350181683     -1.830839933332465     -3.361641687708381     7103.239497254994      0.002658912054718048   98.27523550730413      80.33243541430366      20.0056847108612       36.66322378003625      -1384.811598700436     3055.537858890275      6243.936303529885      -0.3125553345906509    6.784669805556653      -3.375970609914949     
289.9999998975545      -2776.732186540326     -1973.094532080478     6216.037277088658      -6.427171522505067     -1.808939361893497     -3.431328971139145     7103.398136413663      0.002687678515161356   98.27514394538203      80.30560735573161      20.00586398450163      37.29689375663488      -1387.810861105689     3123.215973572041      6209.828185600002      -0.2872998341295628    6.750821755418439      -3.445589463627776     
300.0000000349246      -2840.847894395613     -1991.073580928098     6181.37714489989       -6.395850866458944     -1.786836977576876     -3.500632928935363     7103.559103399189      0.002716498249869529   98.27505103214803      80.29591410968078      20.00604127121504      37.91341452578378      -1390.557655057745     3190.551673765395      6175.025797212969      -0.2620623173065048    6.71618754105769       -3.514823401215681     
309.9999998579733      -2904.646826104039     -2008.830607165085     6146.025922217648      -6.36381688347827      -1.764535253944759     -3.569545775859742     7103.722325428371      0.002745346303638755   98.2749568096206       80.30278817944546      20.00621654250176      38.51335315721376      -1393.052180303991     3257.537117101879      6139.5330264528        -0.2368467361696648    6.6807710456937        -3.583664645267938     
319.9999999953434      -2968.121866241687     -2026.36362986166      6109.987558897566      -6.33107315614351      -1.742036687467425     -3.638059769790731     7103.887728703417      0.002774198456870176   98.27486132040109      80.32566877237717      20.00638977077943      39.09727001765493      -1395.294675778517     3324.164500644414      6103.353838961885      -0.2116570343121424    6.644576246865362      -3.652105461669604     
330.0000001327135      -3031.265935614685     -2043.670693166161     6073.266081997141      -6.297623347822204     -1.719343797253774     -3.706167212627185     7104.055238446002      0.00280303120849681    98.2747646076543       80.36400294572189      20.00656092939501      39.66571762503991      -1397.285420033328     3390.426061605464      6066.492277503522      -0.186497147367404     6.607607215979423      -3.720138160505388     
339.9999999557622      -3094.071992065236     -2060.749866530076     6035.865595331025      -6.263471202300696     -1.69645912477876      -3.773860451190121     7104.224778931772      0.002831821758293148   98.2746667150884       80.41724656080231      20.00672999263633      40.21923969436185      -1399.024730936799     3456.314078379093      6028.95246151541       -0.1613710019674269    6.569868117907597      -3.787755096960579     
350.0000000931323      -3156.533031273936     -2077.599244930326     5997.790279017301      -6.228620543406032     -1.673385233607699     -3.841131878121367     7104.396273525291      0.002860547988811276   98.27456768693476      80.48486506514887      20.00689693574389      40.75837035558389      -1400.512965338888     3521.820871569663      5990.738586654145      -0.1362825147167365    6.531363210561159      -3.854948672218856     
359.999999916181       -3218.642087558238     -2094.216949088774     5959.044389014799      -6.193075274617996     -1.650124709117474     -3.907973932778999     7104.569644715412      0.002889188447138685   98.27446756792756      80.56633412102033      20.0070617349214       41.28363352515919      -1401.750519525132     3586.938804695627      5951.85492433077       -0.111235592670399     6.492096844417496      -3.921711334356846     
370.000000053551       -3280.392234667005     -2110.60112568894      5919.632256651467      -6.156839378671267     -1.626680158214646     -3.9743791021294       7104.744814151031      0.002917722326651274   98.27436640328317      80.66114009733823      20.00722436734629      41.79554241413738      -1402.737828472269     3651.660285369795      5912.305821237383      -0.08623413155752974   6.452073462088173      -3.988035579235309     
379.9999998765998      -3341.776586571025     -2126.749947589868     5879.558288143845      -6.119916917147594     -1.603054209050509     -4.040339921635931     7104.92170267725       0.002946129448901257   98.27426423867917      80.7687804409622       20.00738481118007      42.29459915693015      -1403.475366390245     3715.977765961127      5872.095698864851      -0.06128201640240427   6.411297597824629      -4.053913951386886     
390.0000000139698      -3402.788298249402     -2142.661614037142     5838.826964107663      -6.082312030058106     -1.57924951073303      -4.10584897614388      7105.100230371885      0.00297439024576919    98.27416112023346      80.88876394125731      20.00754304557735      42.78129454678506      -1403.963645942912     3779.883744765877      5831.229053011673      -0.03638311976570319   6.369773877052506      -4.119339044900123     
400.0000001513399      -3463.420566471724     -2158.334350870999     5797.442839059617      -6.044028935415594     -1.555268733035751     -4.170898900761753     7105.28031658236       0.003002485741973435   98.27405709448296      81.02061090154197      20.0076990506952       43.25610786437878      -1404.20321871338      3843.370766691858      5789.710453284008      -0.01154130220712563   6.327507015862206      -4.184303504299793     
409.9999999743886      -3523.666630575891     -2173.766410731511     5755.410540910345      -6.005071928796801     -1.531114566103645     -4.235482381738648     7105.461879962889      0.003030397538013917   98.27395220836223      81.16385322894548      20.00785280770157      43.71950678800109      -1404.194674829908     3906.431424259093      5747.54454258694       0.01323958873064812    6.284501820508023      -4.248800025423313     
420.0000001117587      -3583.519773241531     -2188.956073260823     5712.734770448648      -5.965445382894718     -1.506789720155933     -4.299592157337638     7105.644838512003      0.003058107793627131   98.27384650918185      81.31803445359913      20.00800429878348      44.17194737440508      -1403.938642560161     3969.058358595337      5704.736036606974      0.03795571951858184    6.24076318688467       -4.312821356293108     
429.9999999348074      -3642.97332125888      -2203.901645302391     5669.420300817005      -5.925153747060831     -1.482296925185877     -4.363221018704958     7105.829109610375      0.003085599211794679   98.2737400446068       81.48270968672595      20.0081535071546       44.61387410075928      -1403.435788798334     4031.244260104381      5661.289723285852      0.06260327019736656    6.196296099995618      -4.376360297984793     
440.0000000721775      -3702.020646293036     -2218.601461097216     5625.471976978409      -5.884201546837287     -1.457638930657601     -4.426361810734978     7106.014610058914      0.003112855023342112   98.27363286263433      81.65744552647151      20.00830041706258      45.04571995885868      -1402.68681819791      4092.981869612183      5617.210462285684      0.08717843609145887    6.151105633402763      -4.439409705491078     
449.9999998952262      -3760.655165643484     -2233.053882477017     5580.894715174584      -5.842593383479058     -1.432818505199879     -4.489007432930616     7106.20125611712       0.003139858972168713   98.27352501157216      81.8418199188352       20.00844501379546      45.46790659423513      -1401.692473755675     4154.263978992163      5572.503184445495      0.1116774272305206     6.105196948677684      -4.501962488581142     
460.0000000325963      -3818.870342998797     -2247.257299054337     5535.693502375613      -5.800333933465992     -1.407838436296991     -4.551150840259234     7106.388963541693      0.003166595301118033   98.27341654001627      82.03542198100418      20.00858728368807      45.88084448286577      -1400.453535911558     4215.083432299596      5527.172891229167      0.1360964700415766     6.058575294817551      -4.56401161265542      
469.999999855645       -3876.659689186397     -2261.21012840954      5489.873395721032      -5.757427948004779     -1.382701529976614     -4.612785044003773     7106.577647625348      0.003193048738501446   98.27330749682861      82.23785179296517      20.0087272141275       46.28493313960315      -1398.970823143172     4275.433126386085      5481.224654164876      0.1604318067844476     6.011246007680557      -4.625550099595634     
479.9999999930151      -3934.016762917294     -2274.910816274674     5443.439521952447      -5.713880252520835     -1.357410610494805     -4.673903112608994     7106.767223235854      0.003219204485286081   98.27319793111481      82.44872016287596      20.00886479355847      46.68056135284622      -1397.245191032129     4335.306012021893      5434.663614276053      0.1846796972227233     5.963214509368073      -4.6865710286099       
490.0000001303852      -3990.935171525693     -2288.357836714165     5396.397076837696      -5.669695746140111     -1.331968520018054     -4.734498172522669     7106.95760485527       0.003245048202947547   98.2730878922017       82.66764837094325      20.00900001148794      47.06810744070482      -1395.277532769559     4394.695094530786      5387.494981503917      0.2088364182067748     5.914486307639534      -4.747067537072763     
499.9999999534339      -4047.408571703363     -2301.549692302321     5348.75132458664       -5.62487940116074      -1.3063781183025       -4.794563409031611     7107.148706619297      0.003270566001969828   98.27297742961463      82.89426789602835      20.00913285848939      47.44793952443653      -1393.068778691849     4453.59343474008       5339.724034121627      0.2328982646464222     5.865066995284765      -4.807032821360042     
510.000000090804       -4103.430670228675     -2314.48491429761      5300.507597258614      -5.579436262514684     -1.280642282370239     -4.854092067092284     7107.340442356837      0.003295744431009646   98.27286659305503      83.12822012855229      20.00926332620661      47.82041581558425      -1390.619895788032     4511.994149923122      5291.356118140117      0.2568615504589634     5.814962249474108      -4.866460137678253     
519.9999999138527      -4158.99522469021      -2327.162062813695     5251.671294161599      -5.533371447219234     -1.254763906182838     -4.913077452155944     7107.532725629667      0.003320570466692996   98.27275543237765      83.36915607303325      20.00939140735672      48.18588491348142      -1387.931888223438     4569.890414416728      5242.396646705671      0.2807226081749803     5.764177831150599      -4.925342802888506     
530.0000000512227      -4214.096044204824     -2339.57972698718      5202.247881243172      -5.486690143818452     -1.228745900312038     -4.971512930988102     7107.725469772198      0.003345031504039505   98.27264399756788      83.61673604294438      20.00951709573301      48.54468611043719      -1385.00579632372      4627.275460710544      5192.85109948927       0.3044777905532091     5.712719584328138      -4.983674195324744     
539.9999998742715      -4268.726990130082     -2351.736525142052     5152.242890473292      -5.439397611814542     -1.202591191607679     -5.029391932482147     7107.918587931373      0.003369115347501709   98.27253233871896      83.87062935032199      20.00964038620724      48.89714970217105      -1381.842697207709     4684.14258001997       5142.725022067816      0.3281234700607752     5.660593435471554      -5.041447755606083     
550.0000000116415      -4322.881976770956     -2363.631104950798     5101.661919218977      -5.391499181089172     -1.176302722862889     -5.086707948466976     7108.111993106585      0.003392810202597133   98.27242050600924      84.1305139921911       20.00976127473105      49.24359730143034      -1378.443703739256     4740.485123361178      5092.024025297222      0.3516560404641941     5.607805392761439      -5.098656987443158     
560.0000001490116      -4376.55497208068      -2375.262143592142     5050.510629610934      -5.343000251314746     -1.149883452476558     -5.143454534508477     7108.305598189695      0.003416104668120127   98.27230854967922      84.39607633562109      20.00987975833775      49.5843421529778       -1374.80996506117      4796.296502142779      5040.753784677499      0.3750719164493185     5.554361545449854      -5.155295458438288     
569.9999999720603      -4429.73999835568      -2386.628347905413     4998.794747902214      -5.293906291355668     -1.123336354113142     -5.199625310704692     7108.499316005051      0.003438987728913277   98.27219652000888      84.66701080287359      20.00999583514256      49.91968944848678      -1370.942666063775     4851.570189068669      4988.920039709878      0.3983675345525344     5.500268063134945      -5.211356800879312     
580.0000001094304      -4482.43113292445      -2397.728454541484     4946.520063818937      -5.244222838659637     -1.096664416359806     -5.255213962474467     7108.693059349557      0.003461448749185736   98.27208446729473      84.94301955793942      20.01010950434306      50.24993664004766      -1366.843026826747     4906.299719031787      4936.528593245994      0.4215393540649207     5.445531195013833      -5.266834712526873     
589.9999999324791      -4534.622508830307     -2408.561230110276     4893.692429903169      -5.193955498638958     -1.069870642380964     -5.310214241339483     7108.886741032719      0.003483477466349961   98.27197244182719      85.22381219560043      20.01022076621891      50.57537375114928      -1362.512303171103     4960.478689686359      4883.585310829253      0.4445838566741573     5.390157269215866      -5.321722957395079     
600.0000000698492      -4586.308315507897     -2419.125471324789     4840.317760848013      -5.14310994404192      -1.042958049570258     -5.364619965699447     7109.080273916646      0.003505063985362966   98.27186049386764      85.50910543378758      20.01032962213103      50.89628368436434      -1357.951785531252     5014.10076248461       4830.096120028433      0.4674975479937116     5.33415269198496       -5.376015366525285     
