0                      -812.6700286452202     -1364.871485090988     6905.671586866056      -7.012049157450219     -2.352848841122064     -1.287547363950947     7099.999999999999      0.001999999999999516   98.277102              89.99999999999503      19.99999999999999      10.00000000000496      -1198.771823176505     1054.413371105524      6903.822518772756      -1.01083733332232      7.400502990965544      -1.303120606225855     
10.00000013737008      -882.7439208095745     -1388.323440771672     6892.41043102298       -7.002599052375359     -2.337498694584387     -1.364659254814349     7100.065779994654      0.002013817900311526   98.27706735949947      89.3269790823943       20.00019255407066      11.28008545282838      -1208.759551884722     1128.365848882356      6890.405736413509      -0.98669254087283      7.389849876819183      -1.380211026111845     
19.99999996041879      -952.7194070018395     -1411.620589834585     6878.378907153171      -6.992368143070816     -2.321887804631418     -1.441619531216314     7100.135320590533      0.002028637554010026   98.27703073275083      88.6749572116091       20.00038456572809      12.53916959887532      -1218.50536222065      1202.207517810254      6876.218809407723      -0.962454308848166     7.378341406129306      -1.457148097510302     
30.00000009778887      -1022.588684729463     -1434.760333506953     6863.578574515804      -6.981357554234629     -2.306017908445609     -1.518419573047618     7100.208591156562      0.002044425730164465   98.27699213239586      88.04489043100203      20.00057598853139      13.77629594972379      -1228.008339405363     1275.929829930409      6861.263314342246      -0.9381265727367686    7.365978706136126      -1.533923202862604     
39.99999992083758      -1092.343963187037     -1457.740090534026     6848.011078485721      -6.969568498472269     -2.289890772383128     -1.595050777435941     7100.28556014115       0.002061148070496565   98.27695157232904      87.43760550721156      20.00076677520959      14.99063729363487      -1237.267608170795     1349.524248952667      6845.540913893111      -0.9137132770698314    7.352763005540485      -1.610527742042251     
50.00000005820766      -1161.97746413369      -1480.557297469513     6831.678150376162      -6.957002276062108     -2.273508191748024     -1.671504559742497     7100.366194856798      0.002078769264955634   98.27690906771835      86.85380258272389      20.00095687778258      16.18149304305219      -1246.282332612997     1422.982251493765      6829.053356646315      -0.8892183734696588    7.338695634451022      -1.686953133350964     
59.99999988125637      -1231.481422769092     -1503.209408964093     6814.581607251373      -6.943660274808614     -2.256871990596756     -1.747772354573426     7100.45046146754       0.002097253246266621   98.27686463501942      86.2940591892808       20.00114624768713      17.34828522126493      -1255.051716507944     1496.295327863529      6811.80247690848       -0.8646458214171273    7.323778024076738      -1.763190814529744     
70.00000001862645      -1300.848088607927     -1525.693898051946     6796.723351729119      -6.929543969881015     -2.239984021540107     -1.823845616785626     7100.538324971149      0.002116563372988872   98.27681829198104      85.75883527548636      20.00133483591527      18.49055343487287      -1263.575003125956     1569.454983303949      6793.790194507436      -0.8399995863200259    7.30801170673845       -1.839232243764348     
80.00000015599653      -1370.069726352649     -1548.008256435294     6778.105371773177      -6.91465492363316      -2.222846165541263     -1.899715822484243     7100.629749166417      0.002136662598579424   98.27677005764139      85.24847903650728      20.00152259316381      19.60794904415826      -1271.85147552501      1642.452738798248      6775.018514582765      -0.8152836401088651    7.29139831555143       -1.915068900682367     
89.99999997904524      -1439.138616764328     -1570.149994766887     6758.729740475929      -6.898994785399443     -2.205460331708331     -1.975374470008163     7100.724696593261      0.002157513624091314   98.27671995231481      84.76323333265874      20.00170946999192      20.70022874457114      -1279.880456514886     1715.280132163822      6755.489527366461      -0.7905019601470822    7.273939584286884      -1.990692287338257     
100.0000001164153      -1508.047057531431     -1592.116642930422     6738.598615831116      -6.882565291287802     -2.187828457087824     -2.050813080907455     7100.823128487251      0.002179079039641076   98.27666799757012      84.30324256587019      20.00189541698289      21.76724769033299      -1287.661308586013     1787.928719146052      6735.205407953762      -0.7656585281536286    7.255637347218309      -2.066093929190326     
109.999999939464       -1576.787364136402     -1613.90575031887      6717.714240496909      -6.865368263947926     -2.169952506452287     -2.126023200905355     7100.925004702028      0.002201321448372751   98.27661421619959      83.86855979059585      20.00208038490959      22.80895238359341      -1295.193434228374     1860.390074216686      6714.16841606429       -0.7407573307890352    7.236493538760858      -2.141265376062186     
120.0000000768341      -1645.351870719913     -1635.514886110672     6696.07894154942       -6.847405612334215     -2.151834472087836     -2.200996400848731     7101.030283637935      0.002224203578184492   98.27655863218035      83.45915395958463      20.0022643248983       23.82537342872378      -1302.476275650274     1932.655791810108      6692.380895793645      -0.7158023577457566    7.216510193373531      -2.216198203092698     
129.9999998998828      -1713.732930942693     -1656.94163954381      6673.695130226753      -6.828679331461892     -2.133476373580882     -2.275724277645868     7101.138922171832      0.00224768838089808    98.27650127062843      83.07491717325483      20.00244718858838      24.81661828300278      -1309.509315146799     2004.717487085113      6669.845275355549      -0.6907976025002349    7.195689445171944      -2.2908840116732       
140.0000000372529      -1781.922918844829     -1678.183620187726     6650.565301663787      -6.809191502144169     -2.114880257600371     -2.350198455187026     7101.250875561547      0.002271739116015512   98.2764421577461       82.71567178566409      20.00262892828812      25.78286415070184      -1316.292074780783     2076.566797158711      6646.56406681471       -0.6657470604134851    7.174033527791293      -2.365314430367486     
149.9999998603016      -1849.914229702465     -1699.238458213065     6626.692034617787      -6.788944290735554     -2.096048197682453     -2.424410585255058     7101.366097374967      0.002296319426188494   98.27638132076488      82.38117735072942      20.00280949711885      26.7243510369159       -1322.824116765823     2148.195381860236      6622.539865810539      -0.6406547294773346    7.151544773991797      -2.439481115821839     
159.9999999976717      -1917.699280881887     -1720.103804659264     6602.077991184988      -6.767939948865062     -2.076982294012701     -2.498352348421174     7101.484539408969      0.0023213934006402     98.27631878788401      82.07113728913014      20.00298884914906      27.64137508070579      -1329.105043109406     2219.594924962285      6597.775351271836      -0.6155246084264125    7.1282256155049        -2.513375753660206     
170.0000001350418      -1985.270512690947     -1740.777331699961     6576.72591650828       -6.746180813173023     -2.057684673209393     -2.572015454930646     7101.606151625355      0.002346925630769399   98.27625458820734      81.78520526354251      20.00316693951419      28.53428217990373      -1335.134495958626     2290.757134957257      6572.273285122584      -0.5903606973174684    7.104078582650994      -2.586990059369303     
179.9999999580905      -2052.620389227822     -1761.256732906224     6550.638638476085      -6.723669305039341     -2.038157488104102     -2.645391645574848     7101.730882077537      0.002372881255423499   98.27618875167843      81.52299118248384      20.00334372452197      29.40346198730449      -1340.912157467739     2361.673746132358      6546.036511978946      -0.5651669964645338    7.079106304100106      -2.660315779170063     
190.0000000954606      -2119.741399227085     -1781.539723507595     6523.81906741258       -6.700407930318707     -2.018402917523591     -2.718472692556075     7101.858676859646      0.002399226000576121   98.27612130901701      81.28406685760103      20.0035191617401       30.24934225340559      -1346.437749630894     2432.336519644139      6519.067958837597      -0.5399475053861631    7.053311506627348      -2.733344690881844     
199.9999999185093      -2186.626056903146     -1801.624040650953     6496.27019575928       -6.676399279080723     -1.998423166072071     -2.79125040034611      7101.989480073767      0.002425926213534164   98.27605229165731      81.06797129508914      20.00369321006527      31.07238353501346      -1351.711034653167     2502.737244282942      6491.370634755457      -0.5147062233731898    7.026697014743205      -2.806068604780422     
210.0000000558794      -2253.266902791073     -1821.507443657188     6467.995097748099      -6.651646025344801     -1.978220463910522     -2.863716606535866     7102.123233793744      0.00245294888974807    98.27598173168997      80.8742155793862       20.0038658297743       31.87307431156833      -1356.731814499549     2572.86773769565       6462.947630520867      -0.4894471476254457    6.999265750508775      -2.878479364447044     
219.9999998789281      -2319.656504584827     -1841.187714275668     6438.996929065903      -6.626150926825942     -1.957797066537271     -2.935863182684467     7102.259878060181      0.002480261697055819   98.27590966180929      80.70228741027601      20.00403698255498      32.65192644805676      -1361.499931329977     2642.719847112028      6433.802118316285      -0.4641742739748927    6.971020733162091      -2.95056884761693      
230.0000000162981      -2385.787457972931     -1860.66265693651      6409.278926510595      -6.599916824681774     -1.937155254566735     -3.007682035166002     7102.399350887081      0.00250783299552206    98.27583611526676      80.55165526925289      20.00420663151795      33.40947102865839      -1366.015267011479     2712.285450563635      6403.937351372525      -0.4388915950329276    6.94196507893217       -3.022328967025469     
240.0000001536682      -2451.652387471659     -1879.930099000628     6378.84440763874       -6.572946643262368     -1.91629733350641      -3.079165106016678     7102.541588284581      0.002535631853921408   98.27576112583193      80.42177223553081      20.00437474118979      34.14625454074601      -1370.277743503558     2781.556457634324      6373.356663614521      -0.4136031007428968    6.912102000683682      -3.093751671254802     
249.9999999767169      -2517.243947255732     -1898.987891007544     6347.696770404683      -6.54524338986586      -1.895225633532584     -3.150304373786059     7102.6865243057        0.002563628064231685   98.27568472776235      80.31207948230819      20.00454127748754      34.86283537862693      -1374.287322651636     2850.524810518587      6342.063469298608      -0.3883127773268923    6.881434807678514      -3.164828945584519     
260.000000114087       -2582.554821986555     -1917.833906920935     6315.839492791148      -6.516810154491514     -1.873942509262336     -3.221091854391116     7102.83409110131       0.002591792152655885   98.27560695578198      80.22200944436148      20.00470620767753      35.559780675955        -1378.044005946392     2919.182485078834      6310.061262641286      -0.3630246062435494    6.849966905321716      -3.235552812845155     
269.9999999371357      -2647.577727638032     -1936.466044371898     6283.276132431262      -6.487650109598077     -1.852450339523494     -3.291519601978734     7102.984219001979      0.002620095389705015   98.27552784507026      80.15098870982011      20.0048695003176       36.23766341395992      -1381.547834934184     2987.521491584583      6277.353617439404      -0.3377425647207014    6.817701794822509      -3.305915334280154     
280.0000000745058      -2712.305412319925     -1954.882224899886     6250.010326221917      -6.457766509858871     -1.830751527120276     -3.361579709795285     7103.136836611036      0.002648509797794088   98.27544743126089      80.0984406297938       20.00503112518673      36.89705981182514      -1384.798890635568     3055.533875922253      6243.944186681695      -0.3124706239188405    6.784643072981242      -3.375908610414893     
289.9999998975545      -2776.730657098781     -1973.080394191285     6216.045789928384      -6.427162691914947     -1.808848498594724     -3.431264311065839     7103.29187091405       0.002677008157227086   98.27536575045092      80.06378767600501      20.00519105320302      37.53854696906141      -1387.797294030306     3123.211720295965      6209.836702151573      -0.2872127496084159    6.750794431838359      -3.445524781935335     
300.0000000349246      -2840.846276816351     -1991.058522315578     6181.386317780083      -6.395842074124582     -1.786743703983447     -3.500565579884193     7103.449247403713      0.002705564010687092   98.27528283921998      80.04645356570687      20.00534925633265      38.16270074059725      -1390.543205440468     3190.547144432334      6175.03497402109       -0.2619729003431124    6.71615965844084       -3.514756030577501     
309.9999998579733      -2904.645120905493     -2008.814603959055     6146.035782057402      -6.363808156306288     -1.764439616568896     -3.569475732114032     7103.608890216712      0.002734151666053754   98.27519873465917      80.045865168034        20.00550570749217      38.77009383043915      -1393.036825027172     3257.532306274945      6139.542890435937      -0.2367550281163213    6.680742634484739      -3.583594580028059     
319.9999999953434      -2968.120074203423     -2026.346658655995     6109.998132669461      -6.331064519468834     -1.741938732623708     -3.63798702629924      7103.770722271005      0.002762746196481015   98.27511347440776      80.06145419037421      20.00566038044816      39.36129410531469      -1395.27839213808      3324.159403183768      6103.3644170914        -0.211563076543488     6.644547336046789      -3.652032696834012     
330.0000001327135      -3031.264057762259     -2043.652731017271     6073.277396722685      -6.297614825535811     -1.71924357114993      -3.706091764588261     7103.934665422336      0.002791323440041586   98.27502709669928      80.09265869756248      20.00581324971385      39.9368630754974       -1397.268185739348     3390.420672654352      6066.503596799151      -0.1864009813493127    6.607577833216017      -3.720062691326462     
339.9999999557622      -3094.070029656712     -2060.730890956308     6035.877678080117      -6.263462817051812     -1.6963566736103       -3.773782293666489     7104.100640614134      0.002819859996269354   98.27493964041285      80.13892443449043      20.00596429044861      40.49735457222132      -1399.006524114709     3456.3083933517        6028.964549044749      -0.1612726693141562    6.569838289764792      -3.787676918552324     
350.0000000931323      -3156.530985788762     -2077.579233912317     5997.803156911334      -6.228612316874264     -1.673280603652759     -3.841051005699004     7104.268568031493      0.00284833322102121    98.27485114513044      80.19970598817051      20.00611347836115      41.04331358564546      -1400.493764531189     3521.814886141501      5990.75146953579       -0.1361820572333058    6.531332962792106      -3.854867779216389     
359.999999916181       -3218.63996068919      -2094.19588107074      5959.058089232896      -6.193067227849562     -1.650017946828164     -3.907890339282945     7104.438367258163      0.002876721219737773   98.27476165119778      80.2744678027147       20.00626078961854      41.57527524990987      -1401.730303693441     3586.93251479711       5951.868629740558      -0.1111330523774028    6.492066202312281      -3.921627720632952     
370.000000053551       -3280.390028315741     -2110.578979580832     5919.646806439258      -6.156831532464114     -1.626571310299432     -3.974292780403389     7104.609957416636      0.002905002837224441   98.27467119978661      80.36268502482187      20.00640620076569      42.09376399768863      -1402.716576999515     3651.653687183554      5912.320376417186      -0.08612955069578815   6.452042450869032      -3.987949237680922     
379.9999998765998      -3341.774302847714     -2126.726702770307     5879.57371482406       -6.119909292480372     -1.602943322544881     -4.040250863397984     7104.783257315113      0.002933157646722703   98.27457983295791      80.46384423728712      20.00654968865401      42.59929282672651      -1403.453059082801     3715.97085592348       5872.111131133166      -0.06117543741554554   6.411266243081613      -4.05382487376764      
390.0000000139698      -3402.785939476787     -2142.637250356971     5838.843295091793      -6.082304648543698     -1.579136633052961     -4.10575717192008      7104.958185569323      0.002961165935168323   98.27448759372244      80.57744403307798      20.00669123038455      43.09236272581471      -1403.940263032443     3779.876519572773      5831.245389775276      -0.03627458525903438   6.369742205199408      -4.119247221791131     
400.0000001513399      -3463.418135193789     -2158.308848657269     5797.460101859813      -6.044021819768461     -1.555153912010899     -4.170804339903998     7105.13466071838       0.002989008686925778   98.27439452609802      80.70299547732482      20.00683080326477      43.57346221285759      -1404.17874085815      3843.363223309441      5789.727722049834      -0.01143085488189122   6.327475054601541      -4.184208925104432     
409.9999999743886      -3523.664129571231     -2173.73975079169      5755.42876315071       -6.005065103301302     -1.530997849987301     -4.235385052529057     7105.31260132929       0.003016667565708825   98.27430067516153      80.84002245735103      20.00696838478047      44.04306698490491      -1404.169083115303     3906.423559938902      5747.562770973346      0.01335190616796905    6.284469599291707      -4.248702678478669     
420.0000001117587      -3583.517205541327     -2188.928236886972     5712.753979875061      -5.965438873856808     -1.506671157608269     -4.299492047176853     7105.491926077785      0.003044124893721401   98.27420608709309      80.98806190752042      20.00710395258523      44.50163969337148      -1403.911918498187     3969.050170894017      5704.755252353521      0.03806986447166144    6.240730737352368      -4.312721229059278     
429.9999999348074      -3642.970690169249     -2203.872614275032     5669.440525304661      -5.925147583228944     -1.482176565228392     -4.363118114381186     7105.672553811484      0.003071363628943056   98.27411080921101      81.14666392884816      20.00723748450655      44.94962982449734      -1403.407914325841     4031.235746907604      5661.309954260792      0.06271920031911987    6.196263456376339      -4.37625737731485      
440.0000000721775      -3702.017955421393     -2218.571217688588     5625.493244536267      -5.884195759781315     -1.457516822597878     -4.426256098770092     7105.854403600457      0.003098367341356766   98.27401488999655      81.31539182074158      20.00736895856896      45.38747366768128      -1402.65777567331      4092.973029162355      5617.231736490362      0.08729610944522395    6.151072832868545      -4.439303977978017     
449.9999998952262      -3760.652418928405     -2233.022409453434     5580.917053946032      -5.842588007908756     -1.432694698524826     -4.488898899991339     7106.037394754446      0.003125120186355121   98.27391837910557      81.49382199367726      20.00749835303526      45.81559440288108      -1401.662245953945     4154.254809919354      5572.52553001493       0.1117968024710023     6.105164031630652      -4.50185394096976      
460.0000000325963      -3818.867544742744     -2247.224579677325     5535.716940634698      -5.800329007484948     -1.407712980536266     -4.551039473629077     7106.221446838756      0.003151606878789417   98.27382132736842      81.68154382883851      20.00762564646222      46.23440224105455      -1400.422106017357     4215.073933654982      5527.196336428227      0.1362175066127367     6.058542305106839      -4.563900232314814     
469.999999855645       -3876.656844090578     -2261.176146435448     5489.897961863763      -5.757423513280556     -1.382574474535434     -4.612670832097024     7106.406479648237      0.003177812663930064   98.27372378677336      81.87815941579636      20.00775081777506      46.6442946865585       -1398.938174741895     4275.423297677137      5481.249227379491      0.160554465130731      6.011212992729913      -4.625435875033557     
479.9999999930151      -3934.013876117828     -2274.875555952486     5443.465244482742      -5.713876354374291     -1.357282004460147     -4.673786045521829     7106.592413189406      0.003203723290515609   98.27362581043765      82.08328326592466      20.00787384635237      47.04565682381313      -1397.211308098807     4335.29585324841       5434.689343999091      0.1848039390098708     5.96318152021788       -4.686453950024069     
490.0000001303852      -3990.932248630179     -2288.321282781237     5396.42398434775       -5.669692433538025     -1.331838411939106     -4.734378242599419     7106.779167621372      0.003229324981303879   98.27352745256078      82.29654191578037      20.0079947121276       47.43886171400089      -1395.242399655519     4394.684606220848      5387.521896315464      0.2089622065476183     5.914453398887926      -4.746947596917099     
499.9999999534339      -4047.40561882691      -2301.511829977816     5348.779445731589      -5.624876726612668     -1.3062465559498       -4.794440611434315     7106.966663192069      0.003254604404898129   98.27342876836319      82.51757349234009      20.00811339570029      47.82427082990718      -1393.032380109112     4453.582617984922      5339.752162663573      0.2330255643270182     5.865034224929643      -4.806910014913989     
510.000000090804       -4103.427694028415     -2314.445729273439     5300.536960725543      -5.579434281874768     -1.280509312478113     -4.853966400359484     7107.154820165763      0.003279548648629062   98.27332981401008      82.74602723644405      20.00822987845568      48.20223453255073      -1390.582216791465     4511.983006409932      5291.385489085096      0.2569903281601967     5.814929678657805      -4.866334463605125     
519.9999999138527      -4158.992232397347     -2327.121541242807     5251.701928633108      -5.533370219390138     -1.254629574179397     -4.91294891873172      7107.34355872934       0.003304145191438693   98.2732306465192       82.98156296552851      20.00834414269314      48.57309260852284      -1387.892914190739     4569.878946458405      5242.427288720543      0.2808528326844183     5.764145523805388      -4.925214263763865     
530.0000000512227      -4214.093043653252     -2339.537855469122     5202.279815355842      -5.486689730364358     -1.228610250042809     -4.971381537708639     7107.532798897892      0.003328381878846634   98.27313132365497      83.22385051667202      20.0084561717585       48.93717482700838      -1384.965512933344     4627.263671271437      5192.883041193539      0.3046094329622151     5.712687606730722      -4.983542798122093     
539.9999998742715      -4268.723989780709     -2351.693290705763     5152.276152771569      -5.439398076488453     -1.202454265058712     -5.029257691004664     7107.722460412472      0.00335224689938774    98.27303190380934      83.47256915989468      20.00856595017926      49.29480152654931      -1381.801090414936     4684.130472736739      5142.758291987446      0.3282565039418854     5.660561855713038      -5.041313512124747     
550.0000000116415      -4322.878985730905     -2363.586495034642     5101.696538105102      -5.391500589283786     -1.176164559889738     -5.086570875628475     7107.912462637441      0.00337572876325454    98.27293244587052      83.72740699806963      20.0086734637998       49.64628421519089      -1378.400759750583     4740.47270255798       5092.058651814534      0.3517904420240377     5.607774280143304      -5.098519914665809     
560.0000001490116      -4376.552000116665     -2375.216146021304     5050.546633291689      -5.343002669447679     -1.149744090545673     -5.143314652603019     7108.102724459239      0.003398816283302252   98.27283300908134      83.98806035954485      20.00877869991487      49.99192617791251      -1374.765670307327     4796.283772840086      5040.789795977888      0.3752076646526867     5.554330969818038      -5.155155578806855     
569.9999999720603      -4429.737055900954     -2386.58095086679      4998.832164333332      -5.293909786202796     -1.123195828062294     -5.199482647670737     7108.293164192708      0.003421498558939516   98.27273365288922      84.25423319662282      20.00888164739769      50.33202307819447      -1370.897007171657     4851.55715698518       4988.957463726208      0.3985046112137757     5.500238094167045      -5.211214142480836     
580.0000001094304      -4482.428231078882     -2397.679646556299     4946.558920648138      -5.244227476647433     -1.096522758183461     -5.255068551982101     7108.483699486777      0.003443764962073433   98.27263443678808      84.52563647754226      20.00898229682302      50.6668635660777       -1366.795990590616     4906.28639057903       4936.567457601625      0.4216777439030324     5.445501901471522      -5.266689309179167     
589.9999999324791      -4534.619659353246     -2408.511000004702     4893.73275441283       -5.193961345114892     -1.069727881047213     -5.310066122776145     7108.674247250689      0.00346560512690765    98.27253542015659      84.8019876122479       20.00908064058029      50.99672985242917      -1362.463876523418     4960.465071955724      4883.625642780746      0.4447235473290958     5.39012871818275       -5.321574848630826     
600.0000000698492      -4586.305530803699     -2419.073808198924     4840.359579898506      -5.143117062537031     -1.042814210874585     -5.364469184050061     7108.864723588631      0.003487008942338932   98.27243666209263      85.08300989174708      20.00917667297698      51.32189826961529      -1357.901955513557     5014.086863226756      4830.137946408903      0.4676385300017765     5.334124948105002      -5.375864597470547     
