0                      -6870.361458237647     -1221.648760180399     12.06646228489086      -0.1668231824603867    1.012147169826821      7.487925614766487      6978.139999999978      1.245890273512737e-16  97.8                   0                      190.0962               0.1000000000038442     1.593638951542424      6978.139098641981      -3.168583074186815     1.537295520722416      0.003048817055936863   7.487562411657425      
10.00000013737008      -6871.626147923603     -1211.4557368623       86.94353925192412      -0.08611228790453754   1.026437536899291      7.487342789433491      6978.137606250714      1.471821331847733e-05  97.80000135063268      91.74660128398237      190.0962000120086      268.9739561761878      16.96601997837816      6977.750392273362      71.70575650973518      1.537130335540395      -0.08078928488231264   7.487158559503038      
19.99999996041879      -6872.083670607521     -1201.120411396398     161.8103784603118      -0.005391376920933364  1.040607318262252      7.485878083684062      6978.130843494497      2.944295108141231e-05  97.80000516647611      93.27636237744819      190.0962000835564      268.0647525450636      32.33523893352339      6976.523346291505      146.5716481921321      1.536663146668982      -0.1646173839961256    7.485872848506789      
30.00000009778887      -6871.733973972413     -1190.643998049148     236.65816190319        0.07532998094890112    1.054654834490296      7.483531674767353      6978.119715173593      4.418017154143051e-05  97.80001144548683      94.80529984343092      190.0962002685186      267.1563725543122      47.69827644544757      6974.458112382988      221.4202740758121      1.535894031780547      -0.2484251487360744    7.483705434698464      
39.99999992083758      -6870.577101397163     -1180.027727807495     311.4780738798051      0.1560422162773014     1.068578420947439      7.480303846650404      6978.104226804709      5.893579431312044e-05  97.8000201844614       96.33304231206839      190.0962006207111      266.2491875845565      63.05211353476864      6971.554945540904      296.2428183574997      1.534823119520513      -0.3322022501749135    7.480656580826051      
50.00000005820766      -6868.613191949231     -1169.272848229903     386.26130206249        0.2367357609826577     1.082376428000548      7.476194989974906      6978.084385976344      7.371568272725665e-05  97.80003137903799      97.85922155515144      190.0962011938647      265.3435658748326      78.39373340340124      6967.814204022913      371.0304683948276      1.533450589446961      -0.4159383636825165    7.476726656315228      
59.99999988125637      -6865.842480365023     -1158.380623295275     460.9990385631264      0.3174010495611517     1.096047221230437      7.471205601997749      6978.060202345023      8.852562641887335e-05  97.8000450236984       99.38347345017371      190.0962020415997      264.4398715585596      93.72012066335581      6963.236349312885      445.7744157728448      1.531776672052578      -0.4996231700361569    7.471916137212645      
70.00000001862645      -6862.265297017974     -1147.352333249763     535.682480998933       0.3980285203177669     1.109589181640604      7.465336286515368      6978.031687630578      0.0001033713242181347  97.80006111177067      100.9054389062993      190.096203217401       263.5384637375906      109.028263125182       6957.821946045484      520.465857369874       1.529801648655753      -0.5832463570931273    7.466225606113004      
80.00000015599653      -6857.882067874293     -1136.189274451513     610.3028335574145      0.4786086165963104     1.123000705863548      7.458587753771948      6977.998855610366      0.000118258367412759   97.80007963543228      102.4247647615902      190.0962047745922      262.6396955850053      124.3151511873795      6951.571661942768      595.0959964225617      1.527525851420187      -0.6667976209339442    7.459655752069988      
89.99999997904524      -6852.693314436438     -1124.892759213346     684.8513080603133      0.5591317880081672     1.136280206364646      7.450960820351483      6977.961722112473      0.0001331922234451471  97.80010058571378      103.9411046426399      190.0962067663108      261.7439134854948      139.57777882515        6944.486267719599      669.6560435899538      1.524949663273979      -0.7502666673558582    7.452207370491041      
100.0000001164153      -6846.699653674301     -1113.46411564343      759.3191250264         0.6395884916595338     1.14942611164353       7.442456409053739      6977.920305007917      0.0001481782201059673  97.8001239525031       105.4541197804888      190.0962092454829      260.8514562194655      154.8131445731552      6936.566636968925      744.1372180164403      1.522073517785634      -0.8336432133627092    7.443881363016058      
109.999999939464       -6839.901797944132     -1101.904687483933     833.697514732946       0.7199691933768578     1.162436866432922      7.433075548754195      6977.874624201806      0.0001632215302794989  97.80014972455047      106.9634797802951      190.0962122647984      259.9626541933875      170.0182509189099      6927.813746065878      818.5307483934079      1.51889789920682       -0.9169169883035294    7.43467873738004       
120.0000000768341      -6832.300554895218     -1090.21583394771      907.9777182757117      0.8002643689302249     1.175310931894905      7.422819374247967      6977.824701623509      0.0001783271572938029  97.80017788947355      108.468863339433       190.0962158766855      259.077828721715       185.190106080767       6918.228674009029      892.8278740194353      1.515423342242789      -1.000077735532134     7.42460060725973       
129.9999998998828      -6823.896827364334     -1078.398929553044     982.1509886272967      0.8804645052544241     1.188046785814574      7.411689126077818      6977.770561215832      0.0001934999209205039  97.80020843376354      109.9699589103849      190.0962201332868      258.1972913640127      200.3257232420315      6907.812602304609      967.01984585888        1.511650432119656      -1.083115213505715     7.413648192104334      
140.0000000372529      -6814.69161325801      -1066.455363956452     1056.208591693691      0.9605601016674434     1.20064292279103       7.399686150346287      6977.712228923157      0.000208744444068867   97.80024134279152      111.4664653082594      190.0962250864337      257.3213433174568      215.4221223228977      6896.566814774706      1041.097927598687      1.507579804306957      -1.166019197436718     7.401822816950347      
149.9999998603016      -6804.686005422612     -1054.386541783606     1130.141807368865      1.040541671086116      1.213097854425699      7.386811898512012      6977.649732678644      0.0002240651402063263  97.80027660081539      112.9580922570139      190.0962307876226      256.4502748706301      230.4763292175974      6884.49269741951       1115.053396703275      1.503212144597753      -1.248779480386111     7.389125912220575      
159.9999999976717      -6793.881191502289     -1042.193882458376     1203.94193058725       1.120399741238677      1.225410109507915      7.373067927170326      6977.583102390369      0.0002394662015415994  97.80031419098746      114.444560877504       190.0962372879902      255.5843649154918      245.4853775601216      6871.591738192553      1188.877545467321      1.498548188783401      -1.331385874906316     7.375559013507417      
170.0000001350418      -6782.278453784811     -1029.878820030038     1277.600272373943      1.200124855873972      1.237578234197755      7.358455897818222      6977.512369926577      0.0002549515879896456  97.80035409536247      115.925604110396       190.0962446382895      254.7238805244825      260.4463081192163      6857.865526835231      1262.561682066317      1.493588722714485      -1.413828214161881     7.361123761340513      
179.9999999580905      -6769.879169035333     -1017.442802998662     1351.108160892476      1.279707575967055      1.249600792206076      7.342977576603735      6977.437569099892      0.0002705250169438114  97.80039629490612      117.4009670794902      190.0962528888657      253.8690765872193      275.3561697726074      6843.315754649085      1336.09713160471       1.488334582089805      -1.496096353391275     7.3458219009388        
190.0000000954606      -6756.684808318115     -1004.887294138715     1424.456942490019      1.359138480920938      1.261476364971734      7.326634834059869      6977.358735650571      0.0002861899538666558  97.80044076950421      118.8704073925974      190.0962620896322      253.020195509636       290.2120204735282      6827.944214248348      1409.475237161488      1.48278665220295       -1.57818017136176      7.329655281947097      
199.9999999185093      -6742.696936806261     -992.2137703209075     1497.63798273983       1.438408169764238      1.273203551835938      7.309429644823155      6977.275907228869      0.0003019496037087773  97.80048749797223      120.3336953796803      190.0962722900476      252.1774669758606      305.0109266496297      6811.752799362747      1482.687360833066      1.476945868026652      -1.6600695714787       7.312625858157328      
210.0000000558794      -6727.917213579484     -979.4237223323114     1570.642667480818      1.517507262344467      1.284780970213737      7.291364087336934      6977.189123376392      0.0003178069031600932  97.80053645806542      121.7906142724018      190.0962835390918      251.3411077686834      319.7499649506278      6794.743504531195      1555.724884773292      1.470813213768982      -1.741754483400526     7.294735687214441      
219.9999998789281      -6712.347391409975     -966.5186546947747     1643.462403854068      1.596426400516735      1.296207255762588      7.272440343539473      6977.098425506525      0.0003337645137348094  97.80058762648953      123.2409603250849      190.0962958852429      250.5113216486142      334.4262214911259      6776.918424888491      1628.579212230448      1.464389722999675      -1.823224864104561     7.275986930307171      
230.0000000162981      -6695.989316536396     -953.5000854816678     1716.088621336165      1.675156249327627      1.307481062547983      7.25266069853705       6977.003856883966      0.0003498248156813712  97.80064097891186      124.6845428783794      190.0963093764547      249.6882992902327      349.0367935881332      6758.279755826878      1701.241768581077      1.457676478159709      -1.904470699488218     7.256381851843739      
240.0000001536682      -6678.844928426075     -940.3695461329871     1788.512772769181      1.753687498193998      1.318601063206116      7.232027540262104      6976.905462603348      0.0003659899027106929  97.80069648997292      126.1211843692194      190.0963240601334      248.8722182722474      363.5787891616971      6738.829792753165      1773.704002360493      1.450674610655233      -1.985482005458475     7.235922819112621      
249.9999999767169      -6660.916259525429     -927.1285812688467     1860.726335387161      1.832010862076477      1.329565949103562      7.210543359116565      6976.803289566915      0.0003822615775293662  97.80075413329862      127.5507202899583      190.0963399831163      248.0632431183768      378.049327691063       6718.570930760017      1845.957386289828      1.44338530054791       -2.066248829352199     7.214612301928479      
260.000000114087       -6642.205434998681     -913.7787485013887     1932.720811838976      1.910117082647443      1.340374430493929      7.188210747600531      6976.69738646138       0.0003986413481598019  97.80081388151275      128.972999098017       190.0963571916482      247.2615253877173      392.4455411604142      6697.505664278124      1917.993418299461      1.435809776203733      -2.14676125134688      7.192452872263428      
269.9999999371357      -6622.714672454923     -900.3216182451431     2004.487731207387      1.987996929453222      1.3510252366715        7.165032399926378      6976.587803733845      0.0004151304250284024  97.80087570625014      130.3878820811796      190.096375731361       246.4672038094636      406.7645734629339      6675.636586802627      1989.803622548689      1.427949314411259      -2.227009385533794     7.169447203863722      
280.0000000745058      -6602.446281663598     -886.7587735258652     2076.018650024179      2.065641201070319      1.361517116121804      7.141011111618476      6976.474593566922      0.0004317297187982266  97.80093957817029      131.7952431802592      190.0963956472515      245.6804044602574      421.0035821143549      6652.966390475402      2061.379550441489      1.419805239774767      -2.306983381480411     7.145598071852033      
289.9999998975545      -6581.402664258437     -873.091809787882      2147.30515328122       2.143040726255445      1.371848836669119      7.116149779098629      6976.357809852932      0.000448439838923179   97.80100546697136      133.1949687737597      190.0964169836601      244.9012409795413      435.1597375041496      6629.497865798512      2132.712781638238      1.411378924887931      -2.386673425258012     7.120908352315442      
300.0000000349246      -6559.586313429933     -859.3223346999819     2218.3388554373        2.220186365089121      1.382019185620881      7.09045139925741       6976.237508167347      0.0004652610928947673  97.80107334140462      134.5869574269744      190.0964397842503      244.129814820475       449.2302245938462      6605.233901185582      2203.794925063234      1.402671789682465      -2.466069740985578     7.095381021879307      
309.9999998579733      -6536.999813606421     -845.4519679598725     2289.111401420623      2.297069010112656      1.392026969908985      7.063919069011512      6976.113745741367      0.0004821934861525341  97.80114316928953      135.9711196097828      190.0964640919879      243.3662155321529      463.2122421754157      6580.177482654617      2274.617619907896      1.393685301614082      -2.545162591845616     7.069019157267148      
319.9999999953434      -6513.645840123797     -831.4823410972435     2359.614467626791      2.373679587458305      1.40187101622795       7.036555984847295      6975.986581433705      0.0004992367226318503  97.80121491752897      137.3473773863792      190.096489949121       242.6105210698895      477.1030045542159      6554.331693348793      2345.172536629478      1.384420974966859      -2.623942281608535     7.041825934846671      
330.0000001327135      -6489.527158884006     -817.4150972754621     2429.839762912169      2.450009057972361      1.411550171169967      7.008365442350679      6975.856075701613      0.000516390205910777   97.80128855212519      138.7156640800942      190.0965173971596      241.8627981304114      490.8997409609738      6527.699713197841      2415.451377945192      1.374880370990745      -2.702399155666705     7.013804630162181      
339.9999999557622      -6464.646626002305     -803.2518910919347     2499.779029582467      2.526048418331029      1.421063301356779      6.979350835723539      6975.722290571084      0.0005336530409331292  97.80136403819603      140.0759239177239      190.096546476857       241.1231025075422      504.5996964736114      6500.284818464705      2485.445879821576      1.365065097470717      -2.780523602381318     6.984958617453436      
350.0000000931323      -6439.007187443415     -788.9943883771643     2569.424044376428      2.601788702148863      1.43040929356841       6.949515657286773      6975.58528960635       0.0005510240362698156  97.80144133999163      141.4281116551588      190.0965772281897      240.3914794665859      518.200132925765       6472.090381274051      2555.147812458991      1.354976808255892      -2.858306054416611     6.955291369161177      
359.999999916181       -6412.611878646633     -774.6442659925385     2638.766619444482      2.677220981079582      1.439587054868703      6.918863496970224      6975.445137878613      0.0005685017068878675  97.80152042091153      142.7721921886971      190.0966096903395      239.6679641330264      531.6983283251358      6443.119869244602      2624.548981271095      1.344617203421465      -2.935736989752894     6.92480645541948       
370.000000053551       -6385.463824139963     -760.2032116268751     2707.798603322224      2.752336365909079      1.448595512727704      6.887398041789607      6975.301901934083      0.0005860842773951023  97.80160124352223      144.1081401544038      190.0966439016745      238.9525818931812      545.0915785014632      6413.376844934794      2693.641227859193      1.333988028462047      -3.012806933158861     6.893507543535128      
379.9999998765998      -6357.566237143365     -745.6729235917641     2776.511881898612      2.827126007640455      1.457433615140809      6.855123075310645      6975.155649761295      0.0006037696857290168  97.80168376957489      145.4359395185845      190.0966798997313      238.2453488037387      558.3771963770259      6382.864965466366      2762.416430981305      1.323091074526282      -3.089506457157389     6.86139839745413       
390.0000000139698      -6328.922419161196     -731.0551106157288     2844.898379378729      2.90158109857087       1.466100330744767      6.822042477100556      6975.00645075773       0.0006215555872601859  97.80176796002384      146.7555831622899      190.0967177211979      237.5462720072653      571.5525135973405      6351.587981940892      2830.866507515834      1.311928177567528      -3.165826183474847     6.828482877215613      
400.0000001513399      -6299.53575956391      -716.3514916372478     2912.950059241004      2.975692873360081      1.474594648930453      6.788160222167121      6974.854375695826      0.0006394393592736592  97.80185377504513      148.0670724615921      190.0967574018956      236.8553501519405      584.6148799528961      6319.549739030666      2898.983413419717      1.300501218517272      -3.241756784021465     6.794764938393243      
409.9999999743886      -6269.409735159133     -701.5637955966622     2980.658925188768      3.049452610090469      1.482915579952442      6.753480380385474      6974.699496688283      0.0006574181058067271  97.80194117405563      149.3704168669581      190.0967989767634      236.1725738121938      597.5616642685845      6286.754174433432      2966.759144680932      1.288812122764615      -3.317288982167847     6.760248631524381      
420.0000001117587      -6238.547909752167     -686.6937612270041     3048.017022096001      3.122851631318416      1.49106215503537       6.718007115912832      6974.541887152762      0.0006754886628103682  97.80203011573234      150.6656334831868      190.0968424798407      235.4979259087778      610.390255276331       6253.20531830995       3034.185738265217      1.276862859597608      -3.392413554006531     6.724938101527131      
429.9999999348074      -6206.953933696036     -671.7431368437781     3115.016436947186      3.195881305116862      1.499033426477101      6.681744686591345      6974.381621776007      0.000693647603602586   97.80212055803231      151.9527466517319      190.0968879442522      234.8313821264549      623.0980610445812      6218.907292847483      3101.255273056931      1.264655442401691      -3.467121329308212     6.688837587105511      
440.0000000721775      -6174.631543431138     -656.713680133726      3181.64929977112       3.268533046108911      1.506828467748647      6.644697443339248      6974.218776477345      0.0007118912445955905  97.80221245821241      153.2317875378325      190.0969354021921      234.1729113268764      635.6825105656804      6183.864311605184      3167.95987079387       1.252191927704403      -3.541403192910121     6.651951420142889      
449.9999998952262      -6141.58456101462      -641.6071579426098     3247.90778456858       3.340798316492304      1.514446373590926      6.606869829530536      6974.053428371626      0.0007302156512646675  97.80230577284999      154.5027937234887      190.0969848849092      233.5224759556153      648.1410530444781      6148.080679072019      3234.291696995997      1.23947441545862       -3.615250085625026     6.614284025083935      
460.0000000325963      -6107.81689363954      -626.4253460620409     3313.784110233738      3.412668627054661      1.521886260108295      6.568266380363326      6973.885655731623      0.0007486166443363936  97.80240045786354      155.7658088077628      190.0970364226924      232.8800324418739      660.4711594644189      6111.560789984845      3300.242961887907      1.22650504804742       -3.688653005603204     6.57583991830523       
469.999999855645       -6073.332533143939     -611.1700290153932     3379.270541469191      3.484135538179326      1.529147264858867      6.52889172221714       6973.715537949913      0.0007670898061725466  97.8024964685337       157.020882015775       190.0970900448567      232.2455315894954      672.6703218833727      6074.309128868174      3365.805921314958      1.213286010580466      -3.761603009224397     6.536623707474782      
479.9999999930151      -6038.135555509892     -595.8429998428256     3444.359389694524      3.555190660841714      1.53622854694165       6.488750571999277      6973.543155500259      0.0007856304873291361  97.80259375952463      158.2680678171608      190.0971457797299      231.6189189585149      684.7360549792367      6036.330269325286      3430.972877652933      1.199819529858837      -3.834091212432896     6.496640090900603      
490.0000001303852      -6002.230120352637     -580.4460598854517     3509.043013948265      3.625825657595995      1.54312928708049       6.447847736480493      6973.368589898457      0.0008042338132707029  97.80269228490563      159.5074255555121      190.0972036546393      231.0001352357243      696.6658954885364      5997.628873544469      3495.736180711145      1.186107874596367      -3.906108791638807     6.455893856868585      
499.9999999534339      -5965.62047039991      -564.9810185686847     3573.313821783162      3.696032243552053      1.549848687704793      6.406188111620195      6973.19192366281       0.0008228946912169517  97.80279199817291      160.7390190885351      190.0972636958986      230.3891165945211      708.4574030450048      5958.209691643367      3560.088228628851      1.172153354791752      -3.977646984889864     6.414389882969843      
510.000000090804       -5928.310930961534     -549.4496931847909     3637.16427015465       3.765802187342544      1.556385973027134      6.363776681881339      6973.01324027408       0.0008416078171058526  97.80289285227184      161.9629164406817      190.097325928797       229.7857950422835      720.1081609961158      5918.077560997854      3624.021468764908      1.157958321066212      -4.048697093025566     6.372133135417783      
519.9999999138527      -5890.305909389394     -533.8539086746846     3700.58686630242       3.835127312079987      1.562740389117646      6.320618519535251      6972.832624135066      0.000860367682656806   97.80299479961938      163.1791894679215      190.0973903775864      229.1900987556034      731.6157758542814      5877.237405722867      3687.528398580534      1.143525164908469      -4.119250480552048     6.329128668355012      
530.0000000512227      -5851.609894527906     -518.1954974089916     3763.574168624981      3.903999496303777      1.568911203975275      6.27671878395656       6972.650160529773      0.0008791685825179702  97.80309779212674      164.3879135353329      190.0974570654714      228.6019524027005      742.9778787884118      5835.694235898473      3750.601566515092      1.128856317542169      -4.189298576906853     6.285381623150403      
539.9999998742715      -5812.22745615505      -502.4762989684203     3826.118787547135      3.972410674917012      1.574897707595875      6.232082720908478      6972.465935582217      0.0008980046214796262  97.80320178122211      165.5891672078086      190.0975260145977      228.0212774527212      754.1921249417049      5793.453147049493      3813.233572854803      1.113954250271786      -4.25883287728724      6.240897227686434      
550.0000000116415      -5772.163244414089     -486.6981599234632     3888.213386380241      4.040352840113052      1.580699212037188      6.186715661818598      6972.280036214847      0.0009168697217463755  97.80330671787402      166.783031954008       190.0975972460429      227.4479924717903      765.2561949003415      5750.519319346517      3875.417070594273      1.098821473312325      -4.327844943885705     6.195680795637036      
560.0000001490116      -5731.421989236081     -470.8629336134674     3949.850682175208      4.107818042291718      1.586315051480654      6.140623023045446      6972.092550106689      0.0009357576302477747  97.8034125526143       167.9695918634613      190.0976707798061      226.8820134059102      776.1677941482574      5706.898017051489      3937.144766290761      1.083460536049231      -4.396326406724142     6.149737725736188      
569.9999999720603      -5690.008499753274     -454.9724799251009     4011.023446568092      4.174798390965056      1.591744582290172      6.093810305135979      6971.903565651123      0.0009546619259836335  97.80351923556181      169.1489333771694      190.0977466347998      226.3232538503645      786.9246538597239      5662.594587783053      3998.409420911086      1.067874026333827      -4.464268964735675     6.103073501037422      
580.0000001094304      -5647.927663703499     -439.0286650702473     4071.724506618234      4.241286055652567      1.596987183067742      6.046283092074245      6971.713171913407      0.0009735760273861488  97.80362671644608      170.3211450314757      190.0978248288406      225.7716253058474      797.5245316676915      5617.614461767685      4059.203850671079      1.052064569746398      -4.531664386827417     6.055693688164462      
589.9999999324791      -5605.184446825668     -423.0333613633594     4131.946745638838      4.307273266765873      1.602042254706024      5.998047050521401      6971.521458587958      0.0009924931996930181  97.80373494463109      171.4863172146249      190.0979053786419      225.2270374219087      807.9652111310374      5571.963151262018      4119.520927867505      1.036034829881012      -4.598504512686628     6.007603936553203      
600.0000000698492      -5561.783892246463     -406.9884469983025     4191.683104019909      4.37275231648271       1.606909220437846      5.949107929047305      6971.328515955322      0.001011406562324268   97.8038438691394       172.6445419369156      190.0979882998057      224.6893982268006      818.244503144562       5525.646249693663      4179.353581702359      1.019787507082872      -4.664781253940999     5.958809977685244      
