0                      -812.6700286452202     -1364.871485090988     6905.671586866056      -7.012049157450219     -2.352848841122064     -1.287547363950947     7099.999999999999      0.001999999999999516   98.277102              89.99999999999503      19.99999999999999      10.00000000000496      -1198.771823176505     1054.413371105524      6903.822518772756      -1.01083733332232      7.400502990965544      -1.303120606225855     
10.00000013737008      -882.7439213349319     -1388.323458358195     6892.410421546882      -7.002599161822683     -2.337502206438599     -1.364661153691595     7100.068694215532      0.002014190873535388   98.2770625792773       89.33349897057865      20.00021912682779      11.27356945224314      -1208.759569107682     1128.365852474241      6890.405726935838      -0.9866959790687236    7.389850599792308      -1.380212925313158     
19.99999996041879      -952.7194092777809     -1411.62065996091      6878.378869096489      -6.992368387943155     -2.321894795078738     -1.441623352688584     7100.141207246656      0.002029383509517554   98.27702094587977      88.68833281617886      20.00043738634015      12.52580185000438      -1218.505430854901     1202.20753236062       6876.21877134437       -0.9624611463285332    7.378342879221725      -1.457151919687309     
30.00000009778887      -1022.588690232962     -1434.760490786874     6863.578488520233      -6.981357958726381     -2.306028342822974     -1.518425344116591     7100.217506796229      0.002045544155298666   98.27697711847733      88.06544376470707      20.00065473146135      13.75575452458275      -1228.008493244446     1275.9298630676        6861.263228330832      -0.9381367694606236    7.365980954371476      -1.533928975069601     
39.99999992083758      -1092.343973625811     -1457.740369227705     6848.01092490738       -6.969569084469913     -2.289904614634899     -1.595058528177187     7100.297558864188      0.002062637842289754   98.27693111672421      87.46564206280489      20.00087111552197      14.9626167885502       -1237.26788060264      1349.524308542392      6845.54076028518       -0.9137267919770108    7.35276605130182       -1.610535494402271     
50.00000005820766      -1161.977481421137     -1480.557731469808     6831.677909256089      -6.957003062752222     -2.273525404478285     -1.671514323048244     7100.381327762273      0.002080628600370333   98.27688296125031      86.88960880356331      20.0010864922793       16.14570710807334      -1246.28275661038      1422.982345610764      6829.053115477885      -0.8892351646118575    7.338699497101526      -1.686962898797687     
59.99999988125637      -1231.481448995475     -1503.210031783455     6814.581258288911      -6.943661278322096     -2.256892535131086     -1.7477841658327       7100.468776129474      0.002099479663503011   98.27683267365211      86.33790002402573      20.00130081593845      17.30446900544677      -1255.052324620281     1496.295464759639      6811.802127873494      -0.8646658460933665    7.32378271961843       -1.763202628486847     
70.00000001862645      -1300.848126008211     -1525.694742809979     6796.722874258784      -6.929545202979265     -2.240007857996346     -1.823859513506595     7100.559864948183      0.002119153664646787   98.27678027648315      85.81095186980221      20.00151404117271      18.43846589451561      -1263.575827472463     1569.455171372954      6793.789716934698      -0.8400228012148508    7.308017247514505      -1.839246143767158     
80.00000015599653      -1370.069777271451     -1548.009355847072     6778.104744745579      -6.91465639544624      -2.222873252910097     -1.8997318438664       7100.654553561179      0.002139612818513215   98.27672579324407      85.30908662426999      20.00172612314408      19.54737505151099      -1271.852547789259     1642.45298653803       6775.017887416941      -0.8153100014320476    7.291404710002056      -1.915084925949466     
89.99999997904524      -1439.13868361857      -1570.151381132139     6758.728942443148      -6.898996501231348     -2.205490627946066     -1.975392656475418     7100.752799689271      0.002160819091085053   98.27666924837227      84.83251940468153      20.00193701752326      20.63098091897922      -1279.881807940759     1715.280448136393      6755.488729153541      -0.7905314237741362    7.273946836774099      -1.990710478304152     
100.0000001164153      -1508.047142771356     -1592.118348123684     6738.597624936947      -6.882567252482896     -2.187861919217372     -2.050833473609359     7100.854559449702      0.002182734355229122   98.27661066723107      84.38136533981333      20.00214668050974      21.68916792816913      -1287.662969975052     1787.92911193615       6735.20441683139       -0.7656910497639674    7.255645457912995      -2.066114327006373     
109.999999939464       -1576.787470205637     -1613.907805780704     6717.713034472168      -6.865370467834448     -2.16998909067511      -2.126045841200934     7100.95978737528       0.002205320532059032   98.27655007609859      83.95564705757238      20.00235506885118      22.72191301146319      -1295.195435938501     1860.390552389629      6714.167209757152      -0.7407928660012421    7.236502503608201      -2.141288022080309     
120.0000000768341      -1645.352000015323     -1635.517322840042     6696.077497712464      -6.847408052241186     -2.151874133903855     -2.201021329783422     7101.068436434233      0.002228539718012452   98.27648750215599      83.55530232890712      20.00256213986332      23.72927795850303      -1302.478647595836     1932.656363869671      6692.379451614087      -0.7158408622473014    7.216520004132648      -2.216223138342367     
129.9999998998828      -1713.733085774773     -1656.944488091695     6673.693425489218      -6.828681996807318     -2.133519067914047     -2.27575153543313      7101.180458050731      0.002252354297853568   98.27642297347559      83.18019173290358      20.00276785144872      24.7114017511308       -1309.512086799872     2004.718161432162      6669.843570209401      -0.6908390321693967    7.195700089527136      -2.290911276343238     
140.0000000372529      -1781.923101399375     -1678.186910652013     6650.563312541422      -6.80919437860446      -2.114925938931346     -2.350228080710752     7101.295802126201      0.002276727044039013   98.27635651900822      82.83010622810423      20.00297216211627      25.66849299210746      -1316.295275173658     2076.567582051356      6646.562077212197      -0.6657913714327094    7.174044989544902      -2.365344063308861     
149.9999998603016      -1849.914442004284     -1699.242220234793     6626.689737246113      -6.788947360481034     -2.096096820182813     -2.424442615601382     7101.414417061248      0.002301621203028823   98.27628816857056      82.50477453318653      20.00317503099962      26.6008225244717       -1322.827774494565     2148.196285376249      6622.537567882033      -0.6407018784349167    7.151557033322644      -2.439513154079998     
159.9999999976717      -1917.699524761193     -1720.108067420203     6602.075361339446      -6.767943190862565     -2.077033811680019     -2.498386818453299     7101.536249778302      0.002327000569271714   98.27621795283181      82.20387024003685      20.00337641787555      27.5087163185034       -1329.109186338368     2219.595954964439      6597.772720788071      -0.6155745524053989    7.128238649293135      -2.513410232050576     
170.0000001350418      -1985.27078975307      -1740.782123921538     6576.722929628372      -6.746184203542887     -2.057739039999081     -2.572052396915327     7101.66124574494       0.002352829547671924   98.27614590330016      81.92701859841627      20.00357628318223      28.39254868709571      -1335.13915242578      2290.758299062185      6572.27029751886       -0.5904133939697436    7.104092364856009      -2.58702701010457      
179.9999999580905      -2052.620700826758     -1761.262082849747     6550.635269692952      -6.72367281746621      -2.038214658057556     -2.64543108887274      7101.789348997905      0.002379073205409014   98.27607205230861      81.67380292761864      20.00377458803702      29.25273587413462      -1340.917354490673     2361.675051683457      6546.033142382774      -0.5652224040695164    7.079120806190743      -2.660355231551431     
190.0000000954606      -2119.741746443353     -1781.54565897572      6523.815291579314      -6.700411536500003     -2.018462844888245     -2.718514663381598     7101.92050216773       0.002405697314002066   98.27599643300078      81.44377062407274      20.00397129425416      30.08973004693463      -1346.443514113308     2432.337973688973      6519.06418209906       -0.5400055828925647    7.053326698047655      -2.733386671059896     
199.9999999185093      -2186.626440526259     -1801.630588990299     6496.265987483287      -6.676402949198645     -1.998485805409933     -2.79129492160153      7102.054646504067      0.002432668382528938   98.27591907931604      81.23643874659938      20.00416636436208      30.90401371102002      -1351.717393091702     2502.738853555409      6491.3664254796        -0.5147669304230028    7.0267128633991        -2.806113135590252     
210.0000000558794      -2253.267323306839     -1821.514631761973     6467.990431424706      -6.651649728557858     -1.978285770194948     -2.863763697726682     7102.191721901652      0.002459953682892935   98.27584002597429      81.0512991703051       20.00435976162032      31.69609455626904      -1356.738792990767     2572.869508603117      6462.942963101345      -0.4895104445605569    6.999282223271551      -2.87852646532473      
219.9999998789281      -2319.656962167565     -1841.195568592246     6438.991778912418      -6.626154631759823     -1.957864995233664     -2.935912859914952     7102.331666926867      0.002487521267995239   98.27575930846066      80.88782330982148      20.00455145003604      32.46650073371291      -1361.507555577319     2642.721785727483      6433.796966969435      -0.4642401218258867    6.971037796368047      -2.950618534596166     
230.0000000162981      -2385.787952482565     -1860.67120346862      6409.273266600011      -6.599920499908968     -1.937225761695885     -3.007734311215302     7102.474418844981      0.002515339983647307   98.27567696300964      80.74546641887625      20.00474139438053      33.21577655600336      -1366.023562332025     2712.28756262279       6403.931690171074      -0.4389599554908665    6.941982698867612      -3.022381252814725     
240.0000001536682      -2451.652918455483     -1879.93936331519      6378.83821193227       -6.572950257758392     -1.91637037568913      -3.0792199904931       7102.619913647936      0.002543379474993172   98.27559302658875      80.62367147888547      20.00492956020511      33.94447860885874      -1370.286734834423     2781.558748537425      6373.350466520118      -0.4136739361151639    6.912120144043091      -3.093806565392624     
249.9999999767169      -2517.244513954566     -1898.997898240791     6347.690012782394      -6.545246913426899     -1.895301168013789     -3.150361873353364     7102.768086082801      0.002571610188182153   98.27550753688223      80.5218726934915       20.00511591385663      34.65317225656499      -1374.297034555851     2850.527285336618      6342.05671019245       -0.3883860504783789    6.881453441980495      -3.164886454666748     
260.000000114087       -2582.555423344862     -1917.8446817847       6315.832147079997      -6.516813558106551     -1.874020493915232     -3.221151973061901     7102.91886968079       0.002600003367950591   98.27542053227393      80.4394986092162       20.00530042249324      35.34242852136114      -1378.054462618133     2919.185148563641      6310.053915352122      -0.3631002805253746    6.849985999276076      -3.235612940819127     
269.9999999371357      -2647.578362317451     -1936.477611159823     6283.268172429899      -6.487653365760788     -1.852530732832743     -3.291582341464077     7103.072196786833      0.002628531051735025   98.27533205183032      80.37597488390057      20.00548305409873      36.01282131503863      -1381.559060203232     2987.524348182355      6277.345655768315      -0.3378206038884793    6.817721318633692      -3.305978082795039     
280.0000000745058      -2712.30607871561      -1954.894607493373     6250.001725721756      -6.457769592813018     -1.830834288145401     -3.361645069901292     7103.227998589785      0.002657166060877767   98.27524213528292      80.33072672679211      20.00566377749753      36.66492499889318      -1384.810907970912     3055.536929789705      6243.935584423123      -0.3125509920432824    6.784662998582267      -3.375973979218778     
289.9999998975545      -2776.731353357821     -1973.093616064984     6216.036522730511      -6.427165577825648     -1.808933586914849     -3.431332290124954     7103.386205153073      0.002685881989418363   98.27515082301048      80.3031810338364       20.00584256236867      37.29931224847224      -1387.810126542827     3123.214975318476      6209.827433110196      -0.2872954109811818    6.750814733047918      -3.445592769306918     
300.0000000349246      -2840.847000857508     -1991.072606542233     6181.376357707751      -6.395844741169548     -1.786831079624974     -3.500636175207885     7103.546745446045      0.002714653190937956   98.27505815602089      80.29276824262921      20.00601937925971      37.91655219866244      -1390.556875884668     3190.550604243243      6175.025012024264      -0.2620578193810364    6.716180311038169      -3.51482663377897      
309.9999998579733      -2904.645870439434     -2008.829573213551     6146.025102963938      -6.36381058468389      -1.764529239918484     -3.569548940453018     7103.709547375683      0.002743454763838461   98.27496417593281      80.29892393012894      20.00619419960001      38.51720884601639      -1393.051355801955     3257.535974275177      6139.532209341563      -0.2368421692673679    6.680763616199591      -3.583667795765332     
319.9999999953434      -2968.120846752639     -2026.362535218483     6109.986708441578      -6.331066691326311     -1.74203056433045      -3.638062844299371     7103.874537818972      0.002772262535425685   98.27486892495676      80.3210901767243       20.00636699571412      39.10183968472499      -1395.293805286612     3324.163282560956      6103.352990791192      -0.2116524041980121    6.644568626468645      -3.652108521712463     
330.0000001327135      -3031.264850679842     -2043.669536775264     6073.265201279345      -6.297616724813444     -1.71933757201869      -3.706170189225019     7104.041642655659      0.002801053045096577   98.27477244587641      80.35871671790515      20.00653774083413      39.67099455498597      -1397.284502948071     3390.424766400627      6066.491399217457      -0.1864924597598022    6.607599413618831      -3.720141122285065     
339.9999999557622      -3094.070840143188     -2060.748647405685     6035.864685367183      -6.2634644292517       -1.696452804491138     -3.773863322647094     7104.210786801599      0.002829803526910495   98.27467478202914      80.41126190499784      20.00670640911197      40.22521468230872      -1399.023766711612     3456.31270427934       6028.951554133165      -0.1613662625269687    6.569860142856833      -3.78775795326525      
350.0000000931323      -3156.531810906258     -2077.597962157219     5997.78934089243       -6.228613628758316     -1.673378825330128     -3.841134637818651     7104.381894242517      0.002858491891767827   98.27457597728663      80.47819349420546      20.00687297563115      40.76503188851399      -1400.511953483461     3521.819416895736      5990.737651263987      -0.1362777290354686    6.531355072396228      -3.854951416448566     
359.999999916181       -3218.640797372244     -2094.215601822377     5959.043423876994      -6.193068227072621     -1.65011821991362      -3.907976574722262     7104.554888068234      0.002887096709398574   98.27447607603507      80.55898928233381      20.00703741641844      41.29096795604779      -1401.749459604694     3586.937267865397      5951.85396208385       -0.1112307662612881    6.492088552983242      -3.921713960536708     
370.000000053551       -3280.390873378188     -2110.599713155253     5919.631265705592      -6.156832207157519     -1.626673595133366     -3.974381620960219     7104.729690507362      0.002915597190343054   98.27437512315522      80.65313760613074      20.00719970845438      41.80353412868283      -1402.73672010674      3651.658664900785      5912.304833341423      -0.08622926984429197   6.45206502746414       -3.988038082026846     
379.9999998765998      -3341.775152985178     -2126.748469085242     5879.557272645132      -6.119909630791106     -1.603047579110082     -4.0403423126413       7104.90622296244       0.002943973168050338   98.27427316400193      80.76013772099867      20.00735982968451      42.30323073284601      -1403.474209253293     3715.976060472685      5872.094686577741      -0.0612771247097032    6.411289030290343      -4.053916326097475     
390.0000000139698      -3402.786791264426     -2142.66006892789      5838.825925355212      -6.082304638148483     -1.579242820905519     -4.105851235263813     7105.084406045433      0.002972205081233632   98.27417024438384      80.87950007295909      20.00751775902878      42.79054690569465      -1403.962439760918     3779.881952981001      5831.228017634963      -0.03637820330973879   6.369765187052279      -4.119341287490517     
400.0000001513399      -3463.418985079093     -2158.33273859286      5797.441778389843      -6.044021447373671     -1.555261990231563     -4.170901024594936     7105.264159613691      0.003000273956571628   98.27406641054272      81.01074647741184      20.00767347639178      43.26596041639773      -1404.201963264306     3843.368887438662      5789.709396156355      -0.01153636608663305   6.327498213969573      -4.184305611389707     
409.9999999743886      -3523.66497386181      -2173.764730788955     5755.409459690361      -6.00506435414163      -1.531107777156314     -4.23548436754616      7105.445402806258      0.003028161391842475   98.27396170913249      81.153410216156        20.00782696267153      43.72993756915594      -1404.193369942081     3906.429456471925      5747.543465077491      0.01324453954296428    6.28449291738993       -4.248801994295069     
420.0000001117587      -3583.518040387748     -2188.95432522621      5712.733670069639      -5.965437731210354     -1.506782891807174     -4.299594003044718     7105.628054080569      0.003055849539550573   98.27385618719818      81.30703606357278      20.00797819976865      44.18293317705955      -1403.93728811097      3969.056301315532      5704.734940108731      0.03796068018415588    6.240754193265494      -4.312823184893325     
429.9999999348074      -3642.971511543169     -2203.89982881498      5669.419182687581      -5.925146027963064     -1.482290064070944     -4.363222722900829     7105.812031249488      0.00308332109110818    98.2737498921546       81.47118025146345      20.00812717059431      44.62539059729159      -1403.434384712852     4031.242112480653      5661.28860920903       0.06260823601941212    6.196287026621151      -4.37636198492414      
440.0000000721775      -3702.018759089348     -2218.599575862022     5625.470842517978      -5.884193769940369     -1.457632043290994     -4.426363372670714     7105.997251518666      0.003110559261594343   98.27364287176479      81.64541038128817      20.0082738590785       45.05774181893019      -1402.685364447438     4092.979630900663      5617.209332051078      0.08718340252211579    6.151096491004252      -4.439411250042071     
449.9999998952262      -3760.653200421771     -2233.05192826354      5580.893565806748      -5.842585558362578     -1.43281159796143      -4.489008852515096     7106.183631524265      0.003137547775146804   98.27353517411852      81.82930529145226      20.00841825017717      45.48040759570351      -1401.690970356221     4154.261648556073      5572.502039477883      0.1116823898775021     6.105187747936061      -4.501963890674017     
460.0000000325963      -3818.868299324492     -2247.255275695146     5535.692339521621      -5.800326069641948     -1.407831515418366     -4.55115211805318      7106.371087370949      0.003164270850979853   98.27342684761045      82.02245488653077      20.00856032987919      45.89379761680654      -1400.451982922248     4215.081009608566      5527.171732950763      0.1361014246742966     6.058566046327914      -4.564012872872103     
469.999999855645       -3876.65756671958      -2261.208035798727     5489.872220793301      -5.757420054884981     -1.382694601528276     -4.612786181211902     7106.559534670148      0.003190713190058358   98.27331794091813      82.22445993458854      20.00870008521289      46.29831070962268      -1398.969220664608     4275.430611015121      5481.223483988844      0.1604367493396176     6.01123672191705       -4.625551219161819     
479.9999999930151      -3934.014561411529     -2274.908654366174     5443.438336348161      -5.713872339384714     -1.357403680373451     -4.673904111070318     7106.748888578609      0.00321685996242695    98.27320850297997      82.43493183792002      20.00883750425192      46.6943350690253       -1397.243539204686     4335.303403649993      5434.662433600124      0.1846846238094125     5.963205196649244      -4.686572009385274     
490.0000001303852      -3990.932890826543     -2288.355605519962     5396.395881932529      -5.669687822103043     -1.331961593934577     -4.734499034698962     7106.939063837228      0.003242696795204117   98.27309858297311      82.65349238208888      20.00897257612087      47.08224850838006      -1395.275831771641     4394.692392939213      5387.493791704102      0.2088413251109235     5.914476978094288      -4.747068381539411     
499.9999999534339      -4047.406211746595     -2301.547391890531     5348.750121728588      -5.624871475142963     -1.306371201770492     -4.79456413799412      7107.129974810022      0.003268209761217045   98.27298823029078      82.87977346738202      20.00910529100038      47.46241872813258      -1393.067028738101     4453.5906398103        5339.72283654606       0.2329031483347955     5.865057658818987      -4.807033532609078     
510.000000090804       -4103.428231038157     -2314.482544790453     5300.506387761975      -5.579428343210913     -1.280635380695077     -4.854092666506684     7107.321535523412      0.003293385368302584   98.27287749452013      83.11341682632101      20.00923564013151      47.83520359833906      -1390.61809712751      4511.991261634406      5291.354914103036      0.2568664075825513     5.814952915738089      -4.866460719394717     
519.9999999138527      -4158.992706375504     -2327.15962438536      5251.67007930111       -5.533363543069054     -1.254757024451361     -4.913077926265623     7107.513659705623      0.003318210549232856   98.27276642541968      83.35407373048467      20.00936361581982      48.20095145188557      -1387.930041137759     4569.887432843442      5242.395437481562      0.2807274355718356     5.764168509507321      -4.925343259334581     
530.0000000512227      -4214.093446958492     -2339.57721986159      5202.246662248325      -5.486682262977582     -1.228739043382854     -4.971513284595809     7107.706260826313      0.003342672652273532   98.27265507289653      83.60140468950442      20.00948921143906      48.56000138553498      -1385.00390112517      4627.272386019118      5192.849886307192      0.3044825852507203     5.712710283822542      -4.983674531321335     
539.9999998742715      -4268.724314224708     -2351.73394959054      5152.241668522837      -5.439389762127039     -1.202584364102124     -5.029392170930085     7107.899252136333      0.003366759432350035   98.27254348698381      83.85507914452262      20.00961242143414      48.9126835665107       -1381.840754237352     4684.139412465567      5142.723806105905      0.3281282292773794     5.660584164800857      -5.041447976512855     
550.0000000116415      -4322.879222555895     -2363.628461289685     5101.660695435634      -5.391491370060671     -1.176295929156647     -5.086708077615381     7108.092546707613      0.003390459042809412   98.27243171781787      84.11477515822433      20.00973324132353      49.25931954250736      -1378.441713365008     4740.481863284077      5092.022807677414      0.351660761610528      5.607796160246598      -5.09865709913705      
560.0000001490116      -4376.552139978546     -2375.259432180248     5050.509405056324      -5.342992486086789     -1.149876696691985     -5.143454560712782     7108.286057473181      0.003413760027757855   98.27231981561538      84.38017910332704      20.00985166770182      49.60022255324345      -1374.807927675876     4796.293149964475      5040.75256646047       0.3750765971288041     5.554352359008234      -5.155295467290625     
569.9999999720603      -4429.737088858574     -2386.625569141484     4998.793523572029      -5.29389857868123      -1.123329640112275     -5.199625240791311     7108.479697267286      0.003436651314963422   98.27220783065049      84.65098535095024      20.00996769824089      49.93569784213415      -1370.940582083283     4851.566745287699      4988.918821890218      0.3983721725614326     5.500258930254309      -5.211356713731531     
580.0000001094304      -4482.428146589966     -2397.725608861559     4946.518840638354      -5.244215184879879     -1.0966577477381       -5.255213803715312     7108.673378865575      0.003459122209297394   98.27209581323199      84.92689596014682      20.01008133169113      50.2660429668026       -1366.840896687981     4906.296184219317      4936.527376747633      0.4215439473918272     5.445522122727687      -5.266834536664992     
589.9999999324791      -4534.619446277299     -2408.558317984991     4893.69120872253       -5.193947909661295     -1.069864022461766     -5.310214001425269     7108.867015025372      0.00348116238670157    98.27198381368035      85.20762036982863      20.01019256788198      50.59154810719701      -1362.51012733014      4960.47506448152       4883.584096501151      0.4445884034989653     5.390148264080242      -5.321722700522949     
600.0000000698492      -4586.305177412038     -2419.122493256634     4840.316542438772      -5.143102425319454     -1.042951481400017     -5.364619652711889     7109.060518525926      0.00350276188865567    98.27187188230479      85.49287509380369      20.01030140772219      50.91249637059602      -1357.949564461423     5014.097047589617      4830.094908640532      0.4675020466860516     5.334143760056702      -5.376015036736745     
