0                      -6870.361458237647     -1221.648760180399     12.06646228489086      -0.1668231824603867    1.012147169826821      7.487925614766487      6978.139999999978      1.245890273512737e-16  97.8                   0                      190.0962               0.1000000000038442     1.593638951542424      6978.139098641981      -3.168583074186815     1.537295520722416      0.003048817055936863   7.487562411657425      
10.00000013737008      -6871.626695453941     -1211.455833946        86.94354675694002      -0.08622178713648519   1.026418148892023      7.487344887670047      6978.139999999981      1.250624871843803e-16  97.8                   0                      190.0962               0.7205574626182196     16.96602078405066      6977.750948358624      71.7057628005913       1.537130564524524      -0.08067807837141536   7.487160414921967      
19.99999996041879      -6872.085860266249     -1201.120798548857     161.8104323638804      -0.005610277613091678  1.040568724538728      7.485885861684485      6978.139999999983      1.246903848249512e-16  97.8                   0                      190.0962               1.341114925231605      32.33524486896341      6976.525570017441      146.5716972400541      1.536664011335916      -0.1643950922549643    7.485880141083763      
30.00000009778887      -6871.738898812495     -1190.644866334631     236.6583368867213      0.07500189002084295    1.054597236841412      7.483548707960046      6978.139999999985      2.489331788896378e-16  97.8                   0                      190.0962               1.961672387845989      47.69829589575346      6974.463113512257      221.4204381382592      1.535895937490307      -0.248092009001647     7.483721740325274      
39.99999992083758      -6870.5858517928       -1180.029266176811     311.4784803330381      0.1556052595991683     1.068502040193128      7.480333700655267      6978.139999999983      1.243919015106503e-16  97.8                   0                      190.0962               2.582229850459623      63.05215892839747      6971.563830885069      296.24320540615        1.53482646944283       -0.3317586153722388    7.480685465837134      
50.00000005820766      -6868.626854464715     -1169.275243332556     386.262085966904       0.2361903759877851     1.082281503498539      7.476241216904818      6978.139999999985      3.740711544748536e-16  97.8                   0                      190.0962               3.202787313073593      78.39382118601768      6967.828076287451      371.0312220014981      1.53345578371284       -0.4153847020288567    7.476771673788459      
59.99999988125637      -6865.862136627346     -1158.384059296623     461.00038133844        0.3167477861937747     1.095934010365253      7.471271736775261      6978.139999999987      6.23451924124756e-16   97.8                   0                      190.0962               3.823344775687554      93.72027126322166      6963.25630594676       445.7757149584898      1.53178410691014       -0.4989600645182534    7.471980823285061      
70.00000001862645      -6862.292022594406     -1147.356991653388     535.6845993128629      0.3972680404742769     1.109457959293433      7.465425843208739      6978.139999999981      1.316511216071205e-16  97.8                   0                      190.0962               4.443902238301576      109.0285009101302      6957.8490780966        520.4679164168333      1.529811715631692      -0.5824745048180402    7.466313476315592      
80.00000015599653      -6857.916931156166     -1136.195333926978     610.3059790989086      0.4777416934449868     1.122851763863659      7.458704221954595      6978.139999999979      1.290848390136538e-16  97.8                   0                      190.0962               5.064459700915456      124.3155044134335      6951.607052920535      595.0990646502685      1.52753893648786       -0.6659178323542297    7.45977029768563       
89.99999997904524      -6852.737375530328     -1124.900395429535     684.8557672765124      0.5581593051881407     1.136113852923028      7.451107661488929      6978.139999999979      6.897972170850221e-17  97.8                   0                      190.0962               5.685017163529531      139.5782795768616      6944.530992465866      669.6604050943554      1.524966146029394      -0.7492798653699688    7.452352054939688      
100.0000001164153      -6846.753963301829     -1113.473501107631     759.3252188236241      0.6385114423598607     1.14924267076945       7.442637052922101      6978.139999999985      4.978663577792754e-16  97.8                   0                      190.0962               6.305574626143392      154.8138286957523      6936.621760538545      744.1431913734234      1.522093770632567      -0.8325504322916336    7.44405961827117       
109.999999939464       -6839.967396351558     -1101.915991386842     833.705598142038       0.7187886792967269     1.16223667733414       7.433293389894207      6978.139999999985      4.978663577792754e-16  97.8                   0                      190.0962               6.926132088757361      170.0191579423367      6927.880322618103      818.5386863265609      1.518922286551959      -0.9157193727448345    7.434893960420306      
120.0000000768341      -6832.378470774034     -1090.229222014513     907.9881800821171      0.7989815991214511     1.17509434836228       7.423077768458518      6978.139999999983      2.511631564292161e-16  97.8                   0                      190.0962               7.546689551371354      185.1912791357415      6918.307745710979      892.8381630325213      1.515452219702407      -0.9987765390927181    7.424856156560034      
129.9999998998828      -6823.988076784012     -1078.414563900722     982.1642509662922      0.8790807948475176     1.187814175591815      7.411991386952912      6978.139999999982      3.747661363499421e-16  97.8                   0                      190.0962               8.167247013985236      200.3272089682187      6907.905198248024      967.0329058334316      1.511684145738512      -1.081711797414709     7.413947384169894      
140.0000000372529      -6814.797198612064     -1066.473402957462     1056.225109611216      0.9590768704826645     1.200394666930383      7.400035545859293      6978.139999999986      6.241074568251934e-16  97.8                   0                      190.0962               8.787804476599236      215.4239707693534      6896.673949907145      1041.114211357176      1.50761868979099       -1.164515029040109     7.402168922897877      
149.9999998603016      -6804.806914389114     -1054.407139936078     1130.162068348449      1.038960442131076      1.21283434663034       7.387211647651049      6978.139999999986      7.495322726998842e-16  97.8                   0                      190.0962               9.40836193921316       230.4785937355946      6884.615371491195      1115.07338953834       1.50325652656116       -1.247176131524815     7.389522154410346      
159.9999999976717      -6794.018396019981     -1042.217190262938     1203.966454043561      1.118722139094154      1.225131755461877      7.373521196628533      6978.139999999984      6.30507401662814e-16   97.8                   0                      190.0962               10.02891940182714      245.4881146885437      6871.730934720014      1188.901764637595      1.498598380011696      -1.329685020179541     7.376008562229942      
170.0000001350418      -6782.4329090459       -1029.904983873411     1277.629609113534      1.198352604969745      1.23728545088419       7.3589657987426        6978.139999999988      8.734713017136355e-16  97.8                   0                      190.0962               10.64947686444109      260.4495774626482      6858.022212082875      1262.590676259399      1.493645023444064      -1.412031629077754     7.361629731561564      
179.9999999580905      -6770.051812496072     -1017.471965044119     1351.142892542327      1.277842498749685      1.249294007214695      7.343547161406222      6978.139999999988      8.734713017136357e-16  97.80000000000001      0                      190.0962               11.27003432705511      275.3600338723126      6843.490876629809      1336.131480367902      1.488397279305391      -1.494205912406847     7.346387349106421      
190.0000000954606      -6756.876558728241     -1004.919592223523     1424.497680894511      1.357182495915544      1.261156015796275      7.327267093294203      6978.139999999988      8.714261089800307e-16  97.80000000000001      0                      190.0962               11.89059178966899      290.2165446715111      6828.138701744316      1409.515550300927      1.482856018953953      -1.576197845814632     7.330283202864169      
199.9999999185093      -6742.908693258332     -992.2493378608393     1497.685369326837      1.436363289532429      1.272870085162511      7.310127504131014      6978.139999999984      4.975676060426011e-16  97.80000000000001      0                      190.0962               12.51114925228293      305.0161789459268      6811.967560967352      1482.734277781918      1.477022162762994      -1.657997427412597     7.313319181923179      
210.0000000558794      -6728.149854579152     -979.4626882333117     1570.697372597618      1.515375591340737      1.284434841200917      7.292130404466767      6978.139999999989      9.951352120852023e-16  97.80000000000001      0                      190.0962               13.13170671489691      319.7560158540994      6794.97942771332       1555.779073929726      1.470896679697985      -1.739594679287349     7.295497276238926      
219.9999998789281      -6712.601773968181     -966.5611432718687     1643.525126073819      1.594210132845701      1.295848927314122      7.273277905441378      6978.139999999991      1.245830132141021e-15  97.80000000000001      0                      190.0962               13.75226417751085      334.4331438638804      6777.176375080019      1628.641370266126      1.464480587464204      -1.820979648465464     7.276819576400567      
230.0000000162981      -6696.266275284495     -953.5462163851718     1716.160086735728      1.672857666404628      1.30711100457901       7.253572218536913      6978.139999999993      1.499064545399769e-15  97.8                   0                      190.0962               14.37282164012482      349.0446624838923      6758.560575534523      1701.312619720936      1.45777495203924       -1.902142408416474     7.257288273385709      
240.0000001536682      -6679.14527475482      -940.4194342820875     1788.593734179086      1.751308966311694      1.318219751903778      7.233015655318175      6978.139999999995      1.618565270321081e-15  97.8                   0                      190.0962               14.99337910273879      363.5876816582456      6739.134300695528      1773.784297634624      1.450780887789959      -1.983073060046906     7.236905658303381      
249.9999999767169      -6661.240780748735     -927.1823367925972     1860.817571614573      1.829554829880151      1.32917386618291       7.211610627161549      6978.139999999995      1.622968927709492e-15  97.8                   0                      190.0962               15.61393656535276      378.0593227170747      6718.899921030836      1846.047902758296      1.443499557187224      -2.063761733028152     7.215674122125301      
260.000000114087       -6642.554893543102     -913.8364766871682     1932.823126864515      1.907586078521851      1.339972062450032      7.189359644972132      6978.139999999991      1.248214913650387e-15  97.8                   0                      190.0962               16.23449402796667      392.4567193169145      6697.859905536631      1918.094958250918      1.435932170479928      -2.144198587117771     7.19359615540538       
269.9999999371357      -6623.08980507568      -900.3834194946071     2004.601953356712      1.985393558823932      1.350613074028648      7.166265318889199      6978.139999999991      1.121650195062277e-15  97.80000000000001      0                      190.0962               16.85505149058064      406.777016839572       6676.016821491887      1989.917012673698      1.42807998583862       -2.224373813146353     7.170674347987591      
280.0000000745058      -6602.847798688005     -886.8247433184155     2076.145631115254      2.062968143622554      1.361095652680726      7.142330357980016      6978.139999999995      1.617462482651241e-15  97.80000000000001      0                      190.0962               17.47560895319457      421.0173741008635      6653.37333406946       2061.50564098147       1.419944308775667      -2.304277634496908     7.146911388702147      
289.9999998975545      -6581.831248857542     -873.1620386516726     2147.445767748229      2.140300733073557      1.371418568753122      7.117557569922054      6978.139999999993      1.499064545399769e-15  97.80000000000001      0                      190.0962               18.09616641580855      435.1749625971327      6629.932206079193      2132.852445510997      1.411526492345688      -2.38390030805276      7.122310065050105      
300.0000000349246      -6560.042620919155     -859.3969081904623     2218.493999432178      2.217382255719912      1.381580611321822      7.091949860673643      6978.139999999995      1.635017830749287e-15  97.80000000000001      0                      190.0962               18.71672387842252      449.2469681993093      6605.696297549713      2203.949056966044      1.402827936522598      -2.463232125665179     7.096873262876374      
309.9999998579733      -6537.484470775903     -845.5309666458703     2289.281991893219      2.294203669555845      1.391580588333991      7.065510234133083      6978.139999999996      1.881433133520424e-15  97.80000000000001      0                      190.0962               19.33728134103647      463.2305904071687      6580.668565452403      2274.787135399142      1.393850088413574      -2.54226341509644      7.070603966031197      
319.9999999953434      -6514.159444599226     -831.5658405545712     2359.801441384683      2.370755963087501      1.401417326747807      7.038241791786278      6978.139999999996      2.009305251433729e-15  97.80000000000001      0                      190.0962               19.9578388036504       477.123044028602       6554.852063254069      2345.358371189891      1.384594441593092      -2.620984541475051     7.04350525602012       
330.0000001327135      -6490.07027851854      -817.5031680880286     2430.044075661193      2.447030156390038      1.411089672670059      7.010147732342912      6978.139999999995      1.742852217960061e-15  97.80000000000001      0                      190.0962               20.57839626626436      490.9215585880554      6528.249940610882      2415.654486019732      1.375062536269616      -2.699385908264338     7.015580311642532      
339.9999999557622      -6465.219798300272     -803.3445988603302     2500.001654949028      2.523017302161007      1.420596491491509      6.981231351361235      6978.139999999993      1.494295789077139e-15  97.80000000000001      0                      190.0962               21.19895372887835      504.62337924522        6500.865442948201      2485.667233843012      1.365255958885146      -2.777457958547579     6.986832408618768      
350.0000000931323      -6439.610919016384     -789.0917937346803     2569.665972912683      2.598708486769912      1.429936668019987      6.951496040861472      6978.139999999991      1.251545973654768e-15  97.80000000000001      0                      190.0962               21.8195111914923       518.2257677007332      6472.701911022884      2555.388401854293      1.355176341675194      -2.855191176304357     6.957264919205862      
359.999999916181       -6413.246644702431     -774.7464246285741     2639.028857617516      2.674094831303822      1.439109106611201      6.920945288927929      6978.139999999993      1.499064545399769e-15  97.80000000000001      0                      190.0962               22.44006865410623      531.7260016118797      6443.762780589943      2624.809811451745      1.34482536286132       -2.932576087369549     6.926881311801951      
370.000000053551       -6386.130068005161     -760.3101743176735     2708.082172488345      2.749167492608899      1.448112731297269      6.889582679299818      6978.139999999995      1.618565270321081e-15  97.80000000000001      0                      190.0962               23.06062611672018      545.1213762384372      6414.051581883076      2693.923319196536      1.334204745876508      -3.009603260855628     6.895685150539431      
379.9999998765998      -6358.264369819745     -745.7847362384107     2776.817817263909      2.823917664327749      1.45694648591293       6.857411890950876      6978.139999999995      1.499064545399769e-15  97.80000000000001      0                      190.0962               23.68118357933416      558.4092037111366      6383.571939273596      2762.720817768093      1.323316259631059      -3.086263310072388     6.863680094866863      
390.0000000139698      -6329.652818916638     -731.1718142893396     2845.227728947063      2.898336577932441      1.465609334219442      6.824436697657801      6978.139999999996      1.741486621149104e-15  97.80000000000001      0                      190.0962               24.3017410419481       571.5868146608777      6352.327570722735      2831.194236915122      1.312161717695964      -3.16254689393431      6.830869899119705      
400.0000001513399      -6300.298771558142     -716.473122631262      2913.303882750606      2.972415503753093      1.47410026002613       6.790660967557573      6978.139999999998      1.867153144048429e-15  97.80000000000001      0                      190.0962               24.92229850456207      584.6515576390748      6320.322287408726      2899.33554440229       1.300742978508205      -3.238444717903039     6.797258412079898      
409.9999999743886      -6270.205671104695     -701.6903854861482     2981.038293038619      3.046145752001905      1.482418267309596      6.756088662693703      6978.140000000001      2.363446128702357e-15  97.80000000000001      0                      190.0962               25.542855967176        597.6008000061734      6287.559993218058      2967.136746952439      1.289061944883081      -3.313947535230199     6.762849576524419      
420.0000001117587      -6239.377047610956     -686.8253369348785     3048.423014263222      3.119518673792511      1.490562380330553      6.720723838551466      6978.140000000001      2.364452538175621e-15  97.80000000000001      0                      190.0962               26.16341342978994      610.4319288037096      6254.044684219902      3034.589891184233      1.277120563488562      -3.389046148189455     6.727647428762733      
429.9999999348074      -6207.81651741171      -671.8797207138271     3115.450141896617      3.192525662154525      1.498531643748285      6.684570643582181      6978.140000000001      2.379497601467561e-15  97.80000000000003      0                      190.0962               26.78397089240388      623.1423501833696      6219.780448266737      3101.687064545127      1.264920825076117      -3.463731409007398     6.691656098163357      
440.0000000721775      -6175.527782697658     -656.8552900103149     3182.111813358325      3.265158153043187      1.506325122732715      6.647633318716571      6978.140000000001      2.255990927379091e-15  97.80000000000001      0                      190.0962               27.40452835501786      635.7294909945463      6184.771464377071      3168.420396239536      1.252464763559089      -3.537994221230937     6.654879806669437      
449.9999998952262      -6142.514631081131     -641.7538072569527     3248.400208937505      3.337407626343952      1.513941903074061      6.60991619686729       6978.139999999999      2.142603976900391e-15  97.80000000000001      0                      190.0962               28.02508581763183      648.1907980731486      6149.022002330953      3234.782058152127      1.239754456328339      -3.611825540619494     6.617322868303508      
460.0000000325963      -6108.780935151791     -626.5770439248994     3314.30755271024       3.409265606871946      1.52138109129008       6.571423702420646      6978.140000000001      2.25599092737909e-15   97.80000000000001      0                      190.0962               28.64564328024577      660.5237398085454      6112.536422025706      3300.764265766084      1.226792023290817      -3.685216376494554     6.578989688661443      
469.999999855645       -6074.33065202235      -611.3267803160611     3379.826113451684      3.480723665366141      1.528641814730873      6.532160350717609      6978.139999999996      1.807187746191154e-15  97.80000000000001      0                      190.0962               29.26620074285974      672.7258054402479      6075.319173053517      3366.359279076265      1.213579627198341      -3.758157792623433     6.539884764395645      
479.9999999930151      -6039.167822864397     -596.0048053542536     3444.94820554297       3.551773419478142      1.535723221681257      6.492130747524135      6978.139999999998      1.775311437978105e-15  97.80000000000001      0                      190.0962               29.88675820547371      684.7945066050365      6037.374794030407      3431.559403497141      1.200119472645988      -3.830640908550569     6.500012682687582      
490.0000001303852      -6003.296572434334     -580.6129163753537     3509.666189872774      3.622406534755478      1.54262448146067       6.451339588490889      6978.139999999996      1.653466172153858e-15  97.80000000000003      0                      190.0962               30.50731566808766      696.7273767770857      5998.707912140326      3496.356990765411      1.186413806325687      -3.902656900499241     6.459378120709684      
499.9999999534339      -5966.721108589538     -565.1529189164637     3573.972474733407      3.692614725619266      1.549344784520615      6.409791658602431      6978.139999999996      1.640465349952351e-15  97.80000000000003      0                      190.0962               31.12787313070161      708.5219721086125      5959.323242517379      3560.744439837163      1.17246491643122       -3.974197002548209     6.417985845076689      
510.000000090804       -5929.44572179475      -549.6266265041133     3637.859516711362      3.76238975633615       1.555883342539623      6.367491831615909      6978.139999999995      1.532030271705245e-15  97.80000000000001      0                      190.0962               31.74843059331556      720.1758722488228      5919.22558761245       3624.714197779526      1.158275132028511      -4.045252507795007     6.375840711286504      
519.9999999138527      -5891.474784618795     -534.0358604415262     3701.319821572189      3.831723441984388      1.562239388515731      6.324445069489347      6978.139999999998      1.927343913178208e-15  97.80000000000001      0                      190.0962               32.36898805592953      731.6866797975867      5878.419836711738      3688.258760656649      1.143846823332213      -4.115814769244206     6.332947663150621      
530.0000000512227      -5852.812751221651     -518.3824495949719     3764.345945139602      3.900607649413976      1.568412176856447      6.280656421799588      6978.139999999999      2.032848158023322e-15  97.80000000000003      0                      190.0962               32.98954551854347      743.0520218001776      5836.910965200295      3751.370674409956      1.12918240060561       -4.185875201089964     6.289311732214201      
539.9999998742715      -5813.464156831957     -502.6682301792319     3826.930494168712      3.969034298200711      1.574400983466218      6.236131025149952      6978.139999999999      2.032848158023322e-15  97.80000000000003      0                      190.0962               33.61010298115743      754.2695490681409      5794.704034078987      3814.042535732534      1.114284314537402      -4.255425279566274     6.244938037165845      
550.0000000116415      -5773.433617215017     -486.8950455422036     3889.066127213291      4.036995361594053      1.580205105831365      6.190874102567695      6978.139999999998      1.763209256938338e-15  97.80000000000003      0                      190.0962               34.23066044377137      765.3369376518159      5751.80418920257       3876.266992937576      1.099155055103134      -4.324456544208788     6.199831783237142      
560.0000001490116      -5732.725828131344     -471.0647459486675     3950.745555486954      4.104482867458701      1.585823863102497      6.144890962891321      6978.139999999996      1.451008843141838e-15  97.80000000000003      0                      190.0962               34.85121790638534      776.2518882988231      5708.216660762068      3938.036746820763      1.083797151855274      -4.392960598719375     6.153998261592084      
569.9999999720603      -5691.34556478583      -455.1791883632425     4011.961543718166      4.171488899209765      1.591256596174369      6.098187000147833      6978.139999999996      1.549018068163847e-15  97.80000000000003      0                      190.0962               35.4717753689993       787.0121272509471      5663.946762586584      3999.3445515165        1.068213173249079      -4.460929112082609     6.107442848706387      
580.0000001094304      -5649.297681267592     -439.2402362325565     4072.706910998972      4.238005596741405      1.596502667763207      6.050767692919986      6978.139999999995      1.274152953241977e-15  97.80000000000003      0                      190.0962               36.09233283161324      797.6154070170926      5618.999891430512      4060.183215347882      1.052405725935606      -4.528353819667328     6.060171005736795      
589.9999999324791      -5606.587109980563     -423.2497592666548     4132.97453162735       4.304025157348867      1.601561462481456      6.002638603703629      6978.139999999994      1.138492325902597e-15  97.80000000000003      0                      190.0962               36.71289029422721      808.0595058451268      5573.381526431561      4120.54560167031       1.036377455075153      -4.595226524075594     6.012188277880472      
600.0000000698492      -5563.218861064904     -407.2096332196753     4192.757335943093      4.369539836643775      1.606432386909975      5.953805378255201      6978.139999999995      1.261014803325629e-15  97.80000000000003      0                      190.0962               37.33344775684115      818.3422291372307      5527.097228286812      4180.424629708657      1.020131043103774      -4.661539096349959     5.96350029372453       
