0                      -812.6700286452202     -1364.871485090988     6905.671586866056      -7.012049157450219     -2.352848841122064     -1.287547363950947     7099.999999999999      0.001999999999999516   98.277102              89.99999999999503      19.99999999999999      10.00000000000496      -1198.771823176505     1054.413371105524      6903.822518772756      -1.01083733332232      7.400502990965544      -1.303120606225855     
10.00000013737008      -882.7436901463681     -1388.323082398566     6892.409539928145      -7.002552322854644     -2.337426861961626     -1.364837115252608     7100.000000000001      0.001999999999999791   98.277102              89.99999999999427      19.99999999999999      10.60703548597002      -1208.759240031053     1128.365556798091      6890.404845840168      -0.9866301408294108    7.389790822638381      -1.38038878092718      
19.99999996041879      -952.7184605618826     -1411.619150082927     6878.375357230437      -6.992271129109047     -2.321743209604863     -1.441973066322685     7100.000000000005      0.002000000000000143   98.277102              89.99999999999827      19.99999999999999      11.21406624593842      -1218.504113696116     1202.206324076586      6876.21526162373       -0.9623293516445854    7.378219502695465      -1.457501413485886     
30.00000009778887      -1022.586502112712     -1434.757080255382     6863.570620232475      -6.981206753586464     -2.305799657648356     -1.518946528789967     7100.000000000006      0.002000000000000271   98.27710199999999      89.99999999999812      20.00000000000001      11.82109201288188      -1228.005528008287     1275.927087319771      6861.255364988919      -0.9379389385700211    7.365790216193313      -1.53444981819899      
39.99999992083758      -1092.339989239788     -1457.734282911096     6847.996997183598      -6.969360462885681     -2.289598009230291     -1.595748833234646     7100.00000000001       0.002000000000000771   98.27710199999999      89.99999999999856      20.00000000000001      12.4281125203312       -1237.262606687688     1349.519273160088      6845.526841563338      -0.9134628833660372    7.352504251124179      -1.611225328513054     
50.00000005820766      -1161.971109495513     -1480.548186223436     6831.656242928384      -6.956733612674593     -2.273140096817211     -1.67237133019749      7100.000000000009      0.002000000000000736   98.27710199999999      89.99999999999615      19.99999999999999      13.0351275024283       -1246.274513190401     1422.974321737567      6829.031463540173      -0.8889051747916875    7.338362998442157      -1.687819298033        
59.99999988125637      -1231.47206443362      -1503.196236836174     6814.550198702002      -6.943327647522747     -2.256427781987247     -1.748805391186382     7100.000000000006      0.002000000000000535   98.27710199999999      89.99999999999247      20.00000000000001      13.6421366939436       -1255.04045102324      1496.28368750146       6811.771089471574      -0.8642698093484096    7.323367951731704      -1.764223101528269     
70.00000001862645      -1300.835070497305     -1525.675900153505     6796.680791915525      -6.929144100723089     -2.23946295520984      -1.825042409680094     7100.000000000011      0.002000000000000904   98.27710199999999      89.99999999999638      19.99999999999999      14.24913983030409      -1263.559663556881     1569.438840464487      6793.747664051992      -0.8395607893232245    7.307520707198384      -1.840428135936195     
80.00000015599653      -1370.052359905531     -1547.984660627843     6778.050035931214      -6.91418459410295      -2.222247535621993     -1.901073802129161     7100.00000000001       0.002000000000000703   98.27710199999999      89.99999999999753      19.99999999999999      14.85613664764993      -1271.831434317641     1642.431267026947      6774.963217891498      -0.8147821233583049    7.290822963338734      -1.916425821362455     
89.99999997904524      -1439.116181537377     -1570.120022045367     6758.660029827799      -6.898450837824289     -2.204783470801096     -1.976891008953734     7100.000000000011      0.002000000000000906   98.277102              89.99999999999787      20.00000000000001      15.46312688283345      -1279.855086949801     1715.252471084607      6755.419867279104      -0.7899378253347596    7.273276520802145      -1.992207602078468     
100.0000001164153      -1508.018801814341     -1592.07950780927      6738.512958155822      -6.881944630173238     -2.187072736534325     -2.052485495538268     7100.000000000011      0.00200000000000087    98.277102              89.99999999999793      19.99999999999999      16.07011027346281      -1287.629985142382     1787.893975137443      6735.11981393614       -0.765031913265962     7.254883282228999      -2.067764947515616     
109.999999939464       -1576.752505580489     -1613.860661220695     6717.611090683027      -6.864667857338977     -2.169117336584685     -2.127848753222931     7100.000000000012      0.002000000000000923   98.277102              89.99999999999835      19.99999999999999      16.6770865579303       -1295.155532945665     1860.347321102943      6714.065344759686      -0.7400684098540875    7.235645251896142      -2.143089353256147     
120.0000000768341      -1645.30959698033      -1635.461045757305     6695.956782129853      -6.846622493181963     -2.150919302453695     -2.202972300291596     7100.000000000009      0.002000000000000618   98.277102              89.99999999999825      20.00000000000001      17.2840554754443       -1302.43117448727      1932.604071567318      6692.258831556133      -0.7150513405489336    7.215564535618924      -2.218172342020652     
129.9999998998828      -1713.682400334331     -1656.878245349468     6673.552471895086      -6.82781059899157      -2.132480693140773     -2.277847682956274     7100.000000000005      0.002000000000000171   98.277102              89.99999999999493      20.00000000000001      17.89101676605895      -1309.456394337613     2004.655810562212      6669.702730764879      -0.6899847342664233    7.194643340359734      -2.293005464651957     
140.0000000372529      -1781.863261011945     -1678.109864654024     6650.400683771658      -6.808234323233153     -2.113803594899343     -2.352466476337901     7100.000000000006      0.002000000000000486   98.27710199999999      89.99999999999631      20.00000000000001      18.49797017069172      -1316.230717187528     2076.494144813416      6646.399583172185      -0.6648726214556       7.172883974094765      -2.367580301095333     
149.9999998603016      -1849.844546302067     -1699.153529325587     6626.504025652677      -6.787895901284589     -2.094890120989687     -2.426820285443302     7100.000000000005      0.002000000000000232   98.27710199999999      89.99999999999035      19.99999999999999      19.10491543118347      -1322.753708227577     2148.110704509882      6622.35201361529       -0.6397190348084402    7.15028884540589       -2.441888461374877     
159.9999999976717      -1917.618646280796     -1720.006886285368     6601.865189227698      -6.766797655162346     -2.075742411428611     -2.500900746138244     7100.000000000005      0.002000000000000196   98.27710199999999      89.99999999998813      19.99999999999999      19.71185229028483      -1329.024972787128     2219.497144549379      6597.562730676736      -0.6145280073352029    7.126860463312354      -2.515921586565947     
170.0000001350418      -1985.177974676408     -1740.667603987471     6576.486949669279      -6.744941993237092     -2.056362632735919     -2.574699526116431     7100.000000000003      0.001999999999999954   98.27710199999999      89.99999999998343      19.99999999999999      20.3187804917261       -1335.044156675627     2290.645145329575      6572.034526369019      -0.5893035729052648    7.102601436859449      -2.58967134976352      
179.9999999580905      -2052.514969731433     -1761.133372682647     6550.372165309886      -6.72233140993891      -2.036752977677756     -2.648208325864324     7100                   0.001999999999999729   98.27710199999999      89.99999999998032      20.00000000000001      20.92569978021882      -1340.810946045331     2361.546413837254      6545.770275809574      -0.5640497651441181    7.077514474847886      -2.663129457046353     
190.0000000954606      -2119.622095061732     -1781.401904679459     6523.523777309151      -6.698968485452174     -2.016915665006843     -2.721418879621662     7100.000000000003      0.001999999999999967   98.27710199999999      89.99999999998467      20.00000000000001      21.53260990149328      -1346.325067218844     2432.192684736674      6518.772936886123      -0.5387706163415935    7.051602385539882      -2.736287648436813     
199.9999999185093      -2186.491840512469     -1801.470934602834     6495.944809311554      -6.674855885400091     -1.996852939199658     -2.794322956337556     7100.000000000003      0.001999999999999833   98.27710199999999      89.99999999998298      20.00000000000001      22.13951060234908      -1351.586287054533     2502.575721147283      6491.045549912466      -0.5134701579800114    7.024868076224554      -2.809137698856279     
210.0000000558794      -2253.116723010884     -1821.33821964998      6467.638367094573      -6.649996360519006     -1.976567070190569     -2.866912360622045     7100.000000000001      0.001999999999999582   98.27710199999997      89.99999999997983      20.00000000000001      22.74640163064602      -1356.594412489552     2572.687315879018      6462.591237274734      -0.4881524188330313    6.997314552962746      -2.881671419075955     
219.9999998789281      -2319.48928741575      -1841.001539843615     6438.607638207332      -6.624392746322493     -1.956060353102988     -2.939178933692974     7100.000000000005      0.001999999999999989   98.27710199999997      89.99999999998623      20.00000000000001      23.35328273534495      -1361.349290968477     2642.519292170427      6433.413203068143      -0.4628214256505245    6.968944920121665      -2.953880656663001     
230.0000000162981      -2385.602107363423     -1860.458698282509     6408.855891599811      -6.598047962755271     -1.935335107977563     -3.01111455431809      7100.000000000007      0.0020000000000002     98.27710199999999      89.99999999998839      20.00000000000001      23.96015366656743      -1365.850809948737     2712.063504918365      6403.514732724347      -0.4374812012698304    6.939762380085182      -3.025757296921858     
240.0000001536682      -2451.447786110385     -1879.707521389277     6378.386477242654      -6.570965013837037     -1.914393679497451     -3.082711139752222     7100.000000000004      0.001999999999999832   98.27710199999997      89.99999999998174      20.00000000000001      24.56701417558992      -1370.098897278879     2781.311841438181      6372.899192629351      -0.4121357651334272    6.90977023278221       -3.097293263830625     
249.9999999767169      -2517.018957372164     -1898.745859155427     6347.20282573764       -6.543146987296236     -1.89323843671071      -3.153960646669445     7100.000000000005      0.00199999999999976    98.27710199999997      89.99999999998346      20.00000000000001      25.17386401486005      -1374.093520984586     2850.256222530505      6341.570029732142      -0.3867891322034105    6.878971875315621      -3.168480520972409     
260.000000114087       -2582.308286158554     -1917.5715853836       6315.308447918842      -6.514597054193832     -1.871871772749857     -3.224855072090083     7100.00000000001       0.00200000000000018    98.27710199999999      89.99999999999557      20.00000000000001      25.78070293806133      -1377.834689020302     2918.88860354559       6309.530771143984      -0.3614453118899873    6.847370801568291      -3.239311072461482     
269.9999999371357      -2647.308469605019     -1936.18259792701      6282.706934444556      -6.485318468537137     -1.850296104548611     -3.295386454302461     7100.000000000013      0.002000000000000216   98.27710199999997      90.00000000000114      20.00000000000003      26.38753070014513      -1381.32244967158      2987.200975128136      6276.7850237285        -0.3361083085571795    6.814970601709331      -3.309776963864175     
280.0000000745058      -2712.01223780018      -1954.57681892602      6249.401955380035      -6.455314566883773     -1.828513872555879     -3.365546873779265     7100.000000000014      0.002000000000000242   98.27710199999997      90.00000000000337      20.00000000000001      26.99434705731933      -1384.556890965389     3055.185364431067      6243.336473682575      -0.3107821196637965    6.781774961819482      -3.379870283114348     
289.9999998975545      -2776.412354609298     -1972.752195041858     6215.397259771085      -6.424588767935792     -1.806527540447023     -3.435328454088423     7100.000000000009      0.001999999999999869   98.27710199999999      89.99999999999966      20.00000000000001      27.60115176710215      -1387.538141146588     3122.833835818732      6209.188886108126      -0.2854707364210937    6.747787663371548      -3.449583161423365     
300.0000000349246      -2840.501618493649     -1990.706697687425     6180.696675208585      -6.393144572124051     -1.784339594832429     -3.504723362798356     7100.000000000009      0.001999999999999971   98.27710199999997      89.99999999999517      20.00000000000001      28.20794458833601      -1390.26636805243      3190.138492072311      6174.346104574796      -0.260178141951433     6.71301258282208       -3.518907774184418     
309.9999998579733      -2904.272863325694     -2008.438323255177     6145.304107383974      -6.360985561182875     -1.761952544963445     -3.573723812377524     7100.000000000006      0.001999999999999763   98.27710199999999      89.9999999999912       20.00000000000001      28.81472528122645      -1392.741779600459     3257.091475083219      6138.812050673649      -0.2349083119333736    6.677453691077144      -3.587836341871124     
319.9999999953434      -2967.718959199948     -2025.945093342049     6109.223539635782      -6.328115397715094     -1.739368922435704     -3.642322061088126     7100.000000000007      0.001999999999999996   98.27710199999999      89.99999999999042      20.00000000000001      29.42149360736436      -1394.964623127211     3323.684967049617      6102.590723561874      -0.2096652127781889    6.641115053050624      -3.656361130930245     
330.0000001327135      -3030.832813239445     -2043.225054971415     6072.459032487246      -6.294537824747507     -1.716591280889897     -3.710510413873852     7100.000000000009      0.002000000000000007   98.27710199999999      89.99999999999194      20.00000000000001      30.02824932975766      -1396.935185811182     3389.91119119103       6065.686199498644      -0.1844528021143698    6.604000827119649      -3.724474454668458     
339.9999999557622      -3093.60737039772      -2060.276280812019     6035.014723175081      -6.260256665276841     -1.693622195710016     -3.778281223241588     7100.000000000008      0.001999999999999952   98.27710199999999      89.99999999999206      20.00000000000001      30.6349922128577       -1398.653794363031     3455.762412775879      6028.102631372082      -0.1592750277364663    6.566115264628854      -3.792168674133039     
350.0000000931323      -3156.0356142562       -2077.096869393896     5996.894825169466      -6.225275821806275     -1.670464263719115     -3.845626890136941     7100.000000000003      0.001999999999999665   98.27710199999999      89.99999999998327      20.00000000000001      31.24172202258677      -1400.120814682463     3521.230940144718      5989.844248217498      -0.1341358265708991    6.527462709372553      -3.859436198986357     
359.999999916181       -3218.110567816907     -2093.684945321234     5958.103627685311      -6.189599275872594     -1.647120102872643     -3.912539864813502     7100.000000000003      0.001999999999999621   98.27710199999999      89.99999999998064      20.00000000000001      31.84843852633826      -1401.336652303699     3586.309125407719      5950.915354726874      -0.1090391251458721    6.488047597029921      -3.926269488374075     
370.000000053551       -3279.825294290396     -2110.038659482147     5918.645495184847      -6.153231087564051     -1.623592351949372     -3.979012647695719     7100.000000000003      0.001999999999999656   98.27710199999999      89.99999999998039      20.00000000000001      32.45514149304453      -1402.301751642673     3650.989365617612      5911.320330749737      -0.08398883780912736   6.447874454641667      -3.992661051786956     
379.9999998765998      -3341.172897878816     -2126.156189255356     5878.524866871637      -6.116175395028995     -1.599883670239972     -4.045037790235283     7100                   0.001999999999999314   98.27710199999999      89.99999999997453      20.00000000000001      33.06183069318816      -1403.016596530356     3715.264103423369      5871.063630785405      -0.05898886734285952   6.406947900025939      -4.058603449916144     
390.0000000139698      -3402.146524554019     -2142.035738713746     5837.746256176046      -6.078436413975356     -1.575996737233286     -4.110607895760928     7099.999999999998      0.001999999999999168   98.27710199999999      89.99999999996767      19.99999999999999      33.66850589881142      -1403.481709424952     3779.125828232189      5830.149783466746      -0.03404310320134779   6.365272641222921      -4.124089295501856     
400.0000001513399      -3462.739362830616     -2157.675538824761     5796.314250232254      -6.040018437161046     -1.551934252300318     -4.175715620321528     7100.000000000001      0.001999999999999109   98.27710199999999      89.99999999997794      19.99999999999999      34.27516688354083      -1403.697651868468     3842.567076883888      5788.583391035475      -0.009155421969519961  6.32285347589746       -4.189111254175327     
409.9999999743886      -3522.94464453389      -2173.073847647643     5754.23350934686       -6.000925833875354     -1.527698934376017     -4.240353673522397     7100.000000000002      0.001999999999999138   98.27710199999997      89.99999999997888      20.00000000000001      34.88181342267104      -1403.665024103961     3905.580434640666      5746.36912880905       0.01567031365512833    6.279695290750887      -4.25366204529397      
420.0000001117587      -3582.755645562477     -2188.228950527469     5711.508766459171      -5.961163049411414     -1.503293521638861     -4.304514819354694     7100.000000000004      0.001999999999999156   98.27710199999999      89.99999999998404      20.00000000000001      35.48844529310541      -1403.384464661141     3968.158536170897      5703.511744639271      0.04043025586008822    6.235803060911399      -4.317734442769591     
429.9999999348074      -3642.165686645735     -2203.139160285976     5668.144826593224      -5.920734604529828     -1.478720771188322     -4.368191877017824     7100.000000000008      0.001999999999999516   98.27710199999999      89.99999999999541      20.00000000000001      36.09506227343294      -1402.856650834642     4030.294066204954      5660.016058362633      0.06512057127490889    6.19118184931818       -4.381321275889605     
440.0000000721775      -3701.168134095694     -2217.802817409147     5624.146566301616      -5.87964509491351      -1.453983458720219     -4.431377721734739     7100.000000000002      0.001999999999999119   98.27710199999999      89.99999999998468      19.99999999999999      36.70166414397183      -1402.082297808229     4091.979760667847      5615.886961242464      0.0897374426835526     6.14583680608744       -4.444415430131105     
449.9999998952262      -3759.756400553526     -2232.218290231547     5579.518933101236      -5.837899190613848     -1.429084378200033     -4.494065285560051     7100.000000000005      0.001999999999999509   98.27710199999999      89.99999999999186      19.99999999999999      37.30825068669565      -1401.062159229934     4153.208407290395      5571.129415403032      0.1142770684448631     6.099773167882456      -4.507009847967758     
460.0000000325963      -3817.923945730414     -2246.383975117373     5534.266944900922      -5.795501635488239     -1.404026341534218     -4.556247558180843     7100.000000000006      0.001999999999999454   98.27710199999999      89.99999999999828      20.00000000000001      37.9148216853849       -1399.797026303403     4213.972846728489      5525.748453255536      0.1387356641808754     6.052996257248988      -4.569097529669348     
469.999999855645       -3875.664277142773     -2260.298296638216     5488.39568942117       -5.752457246629117     -1.378812178239542     -4.617917587710094     7100.000000000005      0.00199999999999937    98.27710199999999      89.99999999998889      19.99999999999999      38.52137692558904      -1398.287728373598     4274.265973161845      5479.749176916197      0.1631094622092851     6.005511481972889      -4.630671534093935     
479.9999999930151      -3932.970950841704     -2273.9597077475       5441.910323605941      -5.708770913784517     -1.35344473511052      -4.679068481472634     7100.000000000005      0.001999999999999619   98.27710199999999      89.99999999998691      20.00000000000001      39.12791619461586      -1396.535131984718     4334.080735399636      5433.13675761644       0.1873947132084415     5.957324334385323      -4.691724979472509     
490.0000001303852      -3989.837572136623     -2287.366689951593     5394.816073026639      -5.66444759877028      -1.327926875884974     -4.73969340678351      7100.000000000001      0.001999999999999285   98.277102              89.9999999999753       19.99999999999999      39.7344392816341       -1394.540141376984     4393.410137498076      5385.916435105275      0.2115876857952426     5.908440390703508      -4.752251044186064     
499.9999999534339      -4046.257796312962     -2300.517753477553     5347.118231278357      -5.619492334874001     -1.302261480907767     -4.799785591718694     7100                   0.001999999999999443   98.277102              89.99999999997104      19.99999999999999      40.34094597762269      -1392.303698013984     4452.247239692353      5338.093517043947      0.2356846674904459     5.858865310330389      -4.812242967534954     
510.000000090804       -4102.225329343873     -2313.411437437518     5298.822159368438      -5.573910226250748     -1.276451446792756     -4.859338325878035     7099.999999999999      0.00199999999999919    98.277102              89.99999999997112      19.99999999999999      40.94743607544816      -1389.826780081739     4510.585159320241      5289.673378392923      0.2596819656582024     5.808604835134092      -4.871694050500517     
519.9999999138527      -4157.733928595851     -2326.046309989693     5249.933285097457      -5.527706447310724     -1.250499686083012     -4.918344961140371     7100                   0.001999999999999154   98.27710199999999      89.99999999997236      19.99999999999999      41.55390936986828      -1387.110403003834     4568.417071420173      5240.661460791302      0.2835759071038448     5.757664788772368      -4.930597656498807     
530.0000000512227      -4212.777403528181     -2338.420968495938     5200.457102432691      -5.480886242098879     -1.224409126909349     -4.976798912410698     7100.000000000001      0.001999999999999173   98.277102              89.99999999997559      19.99999999999999      42.16036565755053      -1384.155618417461     4625.736209800289      5191.063271928745      0.3073628396775965     5.706051075924288      -4.988947212126391     
539.9999998742715      -4267.349616386163     -2350.53403967593      5150.39917087415       -5.433454923666609     -1.198182712647208     -5.034693658359341     7100.000000000003      0.001999999999999403   98.277102              89.99999999998055      19.99999999999999      42.7668047371003       -1380.963514797899     4682.535867590705      5140.884384909964      0.3310391317450082     5.653769681607249      -5.046736207898118     
550.0000000116415      -4321.44448288799      -2362.384179757889     5099.765114813268      -5.385417873435625     -1.171823401571949     -5.092022742153008     7100.000000000001      0.001999999999999046   98.277102              89.99999999998452      19.99999999999999      43.37322640908454      -1377.535216402624     4738.809398296936      5090.13043761189       0.3546011737648085     5.600826670380185      -5.10395819897675      
560.0000001490116      -4375.055972905252     -2373.970074625844     5048.560622884313      -5.336780540554068     -1.145334166512584     -5.148779772177661     7100.000000000003      0.001999999999999052   98.277102              89.99999999998865      19.99999999999999      43.97963047604788      -1373.871883797117     4794.55021636966       5038.807132033573      0.3780453778970598     5.547228185641128      -5.160606805894402     
569.9999999720603      -4428.178111136935     -2385.290439963436     4996.791447308618      -5.287548441244979     -1.11871799450401      -5.20495842275313      7100.000000000006      0.001999999999999166   98.27710199999999      89.99999999999888      20.00000000000001      44.58601674253365      -1369.974713315776     4849.751798084908      4986.92023363893       0.4013681789201029     5.492980448845659      -5.216675715265707     
580.0000001094304      -4480.804977776886     -2396.344021394231     4944.463403231699      -5.237727158147202     -1.091977886437782     -5.260552434839369     7100.000000000008      0.001999999999999255   98.27710199999999      90.000000000002        20.00000000000001      45.19238501512958      -1365.844936496286     4904.407682414592      4934.475570692368      0.4245660351194884     5.438089758706253      -5.272158680492595     
589.9999999324791      -4532.930709174646     -2407.12959461853      4891.582368053362      -5.18732233964883      -1.065116856711468     -5.315555616734289     7100.000000000007      0.001999999999999063   98.27710199999999      89.99999999999882      20.00000000000001      45.79873510245639      -1361.483820623846     4958.511471575236      4881.479033587439      0.4476354279154581     5.382562490475473      -5.32704952246065      
600.0000000698492      -4584.549498489582     -2417.645965546676     4838.154280750869      -5.13633969921327      -1.038137932876647     -5.369961844763098     7100.000000000005      0.001999999999998952   98.27710199999999      89.9999999999953       20.00000000000001      46.40506681519774      -1356.89266759629      5012.056832040339      4827.936574168548      0.4705728633743245     5.326405095080016      -5.38134213022694      
