0                      -6870.361458237647     -1221.648760180399     12.06646228489086      -0.1668231824603867    1.012147169826821      7.487925614766487      6978.139999999978      1.245890273512737e-16  97.8                   0                      190.0962               0.1000000000038442     1.593638951542424      6978.139098641981      -3.168583074186815     1.537295520722416      0.003048817055936863   7.487562411657425      
10.00000013737008      -6871.62669545394      -1211.455833946        86.94354675693964      -0.08622178713648565   1.026418148892023      7.487344887670048      6978.139999999981      2.490171634384412e-16  97.8                   0                      190.0962               0.7205574626182196     16.96602078405044      6977.750948358623      71.70576280059092      1.537130564524524      -0.08067807837141477   7.487160414921968      
19.99999996041879      -6872.085860266247     -1201.120798548856     161.8104323638796      -0.005610277613092431  1.040568724538727      7.485885861684486      6978.139999999978      1.25581578214608e-16   97.8                   0                      190.0962               1.341114925231605      32.33524486896318      6976.525570017438      146.5716972400534      1.536664011335915      -0.1643950922549634    7.485880141083764      
30.00000009778887      -6871.738898812491     -1190.64486633463      236.6583368867202      0.07500189002084223    1.054597236841411      7.483548707960048      6978.139999999981      2.506075223305163e-16  97.8                   0                      190.0962               1.961672387845989      47.69829589575323      6974.463113512254      221.420438138258       1.535895937490307      -0.2480920090016461    7.483721740325276      
39.99999992083758      -6870.585851792796     -1180.02926617681      311.4784803330367      0.1556052595991672     1.068502040193127      7.480333700655269      6978.139999999979      1.246903848249512e-16  97.8                   0                      190.0962               2.582229850459623      63.05215892839701      6971.563830885066      296.2432054061487      1.534826469442829      -0.3317586153722376    7.480685465837135      
50.00000005820766      -6868.62685446471      -1169.275243332556     386.2620859669021      0.2361903759877838     1.082281503498538      7.476241216904818      6978.139999999978      8.622465213562777e-18  97.79999999999998      0                      190.0962               3.202787313073593      78.39382118601699      6967.828076287446      371.0312220014962      1.533455783712839      -0.4153847020288552    7.47677167378846       
59.99999988125637      -6865.862136627343     -1158.384059296623     461.0003813384375      0.3167477861937728     1.095934010365252      7.471271736775262      6978.139999999978      1.25581578214608e-16   97.79999999999998      0                      190.0962               3.823344775687459      93.72027126322121      6963.256305946757      445.7757149584874      1.531784106910138      -0.4989600645182511    7.471980823285062      
70.00000001862645      -6862.292022594404     -1147.356991653388     535.6845993128599      0.3972680404742744     1.109457959293431      7.465425843208741      6978.13999999998       2.501249743687606e-16  97.79999999999998      0                      190.0962               4.443902238301576      109.0285009101304      6957.849078096599      520.4679164168302      1.52981171563169       -0.5824745048180374    7.466313476315594      
80.00000015599653      -6857.916931156165     -1136.195333926977     610.305979098905       0.477741693444984      1.122851763863657      7.458704221954598      6978.139999999979      1.243919015106503e-16  97.79999999999998      0                      190.0962               5.064459700915383      124.3155044134338      6951.607052920534      595.0990646502649      1.527538936487859      -0.6659178323542265    7.459770297685632      
89.99999997904524      -6852.737375530329     -1124.900395429534     684.8557672765087      0.5581593051881373     1.136113852923026      7.45110766148893       6978.139999999979      5.173479128137666e-17  97.79999999999998      0                      190.0962               5.685017163529404      139.5782795768625      6944.530992465867      669.6604050943516      1.524966146029393      -0.7492798653699652    7.452352054939689      
100.0000001164153      -6846.753963301828     -1113.47350110763      759.3252188236203      0.6385114423598568     1.149242670769447      7.442637052922102      6978.139999999979      1.422376432890313e-16  97.79999999999998      0                      190.0962               6.305574626143392      154.813828695753       6936.621760538544      744.1431913734195      1.522093770632566      -0.8325504322916293    7.444059618271171      
109.999999939464       -6839.967396351557     -1101.915991386841     833.705598142034       0.718788679296723      1.162236677334137      7.433293389894208      6978.139999999981      2.51163156429216e-16   97.79999999999998      0                      190.0962               6.926132088757361      170.0191579423372      6927.880322618101      818.5386863265569      1.518922286551958      -0.9157193727448303    7.434893960420307      
120.0000000768341      -6832.378470774033     -1090.229222014513     907.9881800821129      0.7989815991214468     1.175094348362277      7.42307776845852       6978.139999999982      3.830075679263111e-16  97.79999999999998      0                      190.0962               7.546689551371306      185.1912791357419      6918.307745710978      892.8381630325171      1.515452219702405      -0.9987765390927138    7.424856156560036      
129.9999998998828      -6823.988076784012     -1078.414563900721     982.1642509662878      0.879080794847513      1.187814175591812      7.411991386952913      6978.139999999982      3.830075679263111e-16  97.79999999999998      0                      190.0962               8.167247013985236      200.3272089682192      6907.905198248024      967.0329058334272      1.51168414573851       -1.081711797414704     7.413947384169894      
140.0000000372529      -6814.797198612065     -1066.473402957462     1056.225109611211      0.95907687048266       1.20039466693038       7.400035545859293      6978.139999999985      4.975676060426011e-16  97.79999999999998      0                      190.0962               8.787804476599193      215.4239707693536      6896.673949907145      1041.114211357171      1.507618689790988      -1.164515029040104     7.402168922897877      
149.9999998603016      -6804.806914389117     -1054.407139936077     1130.162068348443      1.038960442131071      1.212834346630338      7.38721164765105       6978.139999999988      7.471478945385693e-16  97.79999999999998      0                      190.0962               9.408361939213199      230.4785937355953      6884.615371491198      1115.073389538335      1.503256526561159      -1.24717613152481      7.389522154410347      
159.9999999976717      -6794.018396019985     -1042.217190262938     1203.966454043556      1.118722139094149      1.225131755461874      7.373521196628533      6978.139999999988      7.471478945385693e-16  97.79999999999998      0                      190.0962               10.02891940182714      245.4881146885446      6871.730934720018      1188.901764637589      1.498598380011694      -1.329685020179536     7.376008562229942      
170.0000001350418      -6782.432909045904     -1029.904983873411     1277.629609113528      1.19835260496974       1.237285450884186      7.358965798742601      6978.139999999991      1.120058261242694e-15  97.79999999999998      0                      190.0962               10.64947686444109      260.4495774626488      6858.022212082878      1262.590676259393      1.493645023444062      -1.412031629077748     7.361629731561566      
179.9999999580905      -6770.051812496074     -1017.471965044119     1351.142892542321      1.277842498749679      1.249294007214692      7.343547161406224      6978.139999999991      1.120058261242694e-15  97.79999999999998      0                      190.0962               11.27003432705505      275.3600338723131      6843.490876629812      1336.131480367896      1.488397279305389      -1.494205912406841     7.346387349106424      
190.0000000954606      -6756.876558728243     -1004.919592223524     1424.497680894505      1.357182495915537      1.261156015796271      7.327267093294207      6978.139999999991      1.245830132141021e-15  97.79999999999998      0                      190.0962               11.89059178966899      290.216544671511       6828.138701744318      1409.515550300921      1.48285601895395       -1.576197845814625     7.330283202864172      
199.9999999185093      -6742.908693258335     -992.2493378608398     1497.685369326831      1.436363289532423      1.272870085162507      7.310127504131017      6978.139999999991      1.248214913650387e-15  97.79999999999998      0                      190.0962               12.51114925228293      305.0161789459269      6811.967560967355      1482.734277781912      1.477022162762992      -1.65799742741259      7.313319181923182      
210.0000000558794      -6728.149854579155     -979.4626882333124     1570.697372597612      1.515375591340731      1.284434841200913      7.292130404466771      6978.139999999993      1.370048527075102e-15  97.79999999999998      0                      190.0962               13.13170671489683      319.7560158540994      6794.979427713322      1555.77907392972       1.470896679697983      -1.739594679287342     7.29549727623893       
219.9999998789281      -6712.601773968183     -966.5611432718694     1643.525126073812      1.594210132845694      1.295848927314118      7.27327790544138       6978.139999999991      1.244397069526154e-15  97.79999999999998      0                      190.0962               13.7522641775108       334.4331438638799      6777.176375080021      1628.641370266119      1.464480587464202      -1.820979648465457     7.276819576400569      
230.0000000162981      -6696.266275284498     -953.5462163851724     1716.160086735721      1.672857666404621      1.307111004579006      7.253572218536914      6978.139999999989      9.975230785996099e-16  97.79999999999998      0                      190.0962               14.37282164012475      349.0446624838923      6758.560575534526      1701.312619720928      1.457774952039237      -1.902142408416466     7.25728827338571       
240.0000001536682      -6679.145274754821     -940.4194342820882     1788.593734179078      1.751308966311685      1.318219751903775      7.233015655318177      6978.139999999991      1.244397069526153e-15  97.79999999999998      0                      190.0962               14.99337910273871      363.5876816582452      6739.134300695529      1773.784297634616      1.450780887789958      -1.983073060046897     7.236905658303383      
249.9999999767169      -6661.240780748736     -927.182336792598      1860.817571614564      1.829554829880142      1.329173866182906      7.211610627161551      6978.139999999989      1.121650195062277e-15  97.8                   0                      190.0962               15.61393656535269      378.0593227170742      6718.899921030837      1846.047902758287      1.443499557187222      -2.063761733028143     7.215674122125303      
260.000000114087       -6642.554893543104     -913.836476687169      1932.823126864506      1.907586078521842      1.339972062450028      7.189359644972136      6978.139999999991      1.244397069526153e-15  97.79999999999998      0                      190.0962               16.2344940279666       392.4567193169143      6697.859905536633      1918.094958250908      1.435932170479927      -2.144198587117761     7.193596155405384      
269.9999999371357      -6623.089805075682     -900.3834194946079     2004.601953356702      1.985393558823923      1.350613074028644      7.166265318889202      6978.139999999991      1.244397069526153e-15  97.8                   0                      190.0962               16.8550514905806       406.7770168395716      6676.016821491889      1989.917012673688      1.428079985838618      -2.224373813146344     7.170674347987594      
280.0000000745058      -6602.847798688007     -886.8247433184164     2076.145631115245      2.062968143622545      1.361095652680722      7.142330357980018      6978.139999999991      1.244397069526153e-15  97.8                   0                      190.0962               17.47560895319453      421.017374100863       6653.373334069462      2061.505640981461      1.419944308775665      -2.304277634496899     7.14691138870215       
289.9999998975545      -6581.831248857546     -873.1620386516736     2147.44576774822       2.140300733073548      1.371418568753117      7.117557569922058      6978.139999999995      1.617094719638454e-15  97.79999999999998      0                      190.0962               18.09616641580847      435.1749625971323      6629.932206079196      2132.852445510988      1.411526492345686      -2.383900308052751     7.122310065050108      
300.0000000349246      -6560.042620919159     -859.3969081904634     2218.493999432169      2.217382255719904      1.381580611321818      7.091949860673648      6978.139999999999      2.239054227191706e-15  97.79999999999998      0                      190.0962               18.71672387842242      449.2469681993092      6605.696297549718      2203.949056966035      1.402827936522596      -2.46323212566517      7.096873262876379      
309.9999998579733      -6537.484470775908     -845.5309666458716     2289.281991893208      2.294203669555836      1.391580588333987      7.065510234133088      6978.140000000001      2.363697771243164e-15  97.79999999999998      0                      190.0962               19.33728134103641      463.2305904071684      6580.668565452407      2274.787135399131      1.393850088413573      -2.542263415096431     7.070603966031202      
319.9999999953434      -6514.159444599232     -831.5658405545728     2359.801441384673      2.370755963087492      1.401417326747803      7.038241791786282      6978.140000000005      2.737491052066049e-15  97.79999999999998      0                      190.0962               19.95783880365036      477.1230440286018      6554.852063254076      2345.358371189881      1.384594441593091      -2.620984541475041     7.043505256020125      
330.0000001327135      -6490.070278518547     -817.5031680880305     2430.044075661184      2.447030156390028      1.411089672670055      7.010147732342918      6978.140000000003      2.613140527832356e-15  97.79999999999998      0                      190.0962               20.57839626626427      490.9215585880547      6528.249940610889      2415.654486019723      1.375062536269615      -2.699385908264328     7.015580311642538      
339.9999999557622      -6465.21979830028      -803.3445988603321     2500.001654949018      2.523017302160997      1.420596491491506      6.981231351361243      6978.140000000009      3.110562477736796e-15  97.8                   0                      190.0962               21.19895372887826      504.6233792452198      6500.86544294821       2485.667233843003      1.365255958885146      -2.777457958547568     6.986832408618776      
350.0000000931323      -6439.610919016392     -789.0917937346825     2569.665972912674      2.598708486769902      1.429936668019983      6.951496040861482      6978.140000000007      2.99812909079954e-15   97.8                   0                      190.0962               21.81951119149215      518.2257677007326      6472.701911022892      2555.388401854284      1.355176341675193      -2.855191176304347     6.957264919205872      
359.999999916181       -6413.246644702438     -774.7464246285765     2639.028857617507      2.674094831303811      1.439109106611197      6.920945288927939      6978.140000000009      3.252527690782178e-15  97.8                   0                      190.0962               22.44006865410611      531.7260016118789      6443.762780589951      2624.809811451736      1.344825362861319      -2.932576087369537     6.926881311801961      
370.000000053551       -6386.130068005168     -760.3101743176761     2708.082172488336      2.749167492608888      1.448112731297265      6.889582679299828      6978.140000000009      3.147060950194519e-15  97.8                   0                      190.0962               23.0606261167201       545.1213762384363      6414.051581883085      2693.923319196528      1.334204745876507      -3.009603260855616     6.895685150539441      
379.9999998765998      -6358.264369819752     -745.7847362384134     2776.8178172639        2.823917664327738      1.456946485912927      6.857411890950885      6978.140000000009      3.147060950194519e-15  97.8                   0                      190.0962               23.68118357933405      558.4092037111352      6383.571939273604      2762.720817768085      1.323316259631059      -3.086263310072375     6.863680094866873      
390.0000000139698      -6329.652818916646     -731.1718142893425     2845.227728947054      2.898336577932429      1.465609334219439      6.824436697657811      6978.14000000001       3.260563847156141e-15  97.8                   0                      190.0962               24.30174104194799      571.5868146608765      6352.327570722743      2831.194236915113      1.312161717695964      -3.162546893934298     6.830869899119715      
400.0000001513399      -6300.298771558149     -716.473122631265      2913.303882750598      2.97241550375308       1.474100260026127      6.790660967557582      6978.14000000001       3.280930699904704e-15  97.8                   0                      190.0962               24.92229850456193      584.6515576390733      6320.322287408733      2899.335544402282      1.300742978508205      -3.238444717903026     6.797258412079908      
409.9999999743886      -6270.205671104703     -701.6903854861514     2981.038293038612      3.046145752001892      1.482418267309592      6.756088662693712      6978.140000000012      3.428686165776129e-15  97.8                   0                      190.0962               25.54285596717591      597.6008000061719      6287.559993218066      2967.136746952433      1.289061944883081      -3.313947535230186     6.762849576524427      
420.0000001117587      -6239.377047610963     -686.8253369348818     3048.423014263214      3.119518673792498      1.490562380330549      6.720723838551475      6978.14000000001       3.293234837009937e-15  97.8                   0                      190.0962               26.16341342978986      610.431928803708       6254.04468421991       3034.589891184226      1.277120563488562      -3.389046148189442     6.727647428762742      
429.9999999348074      -6207.816517411718     -671.8797207138301     3115.450141896608      3.192525662154513      1.498531643748282      6.684570643582189      6978.14000000001       3.158380226373001e-15  97.8                   0                      190.0962               26.78397089240381      623.1423501833679      6219.780448266745      3101.687064545119      1.264920825076118      -3.463731409007385     6.691656098163365      
440.0000000721775      -6175.527782697664     -656.8552900103181     3182.111813358315      3.265158153043174      1.506325122732712      6.647633318716579      6978.140000000007      2.913747504305438e-15  97.8                   0                      190.0962               27.40452835501777      635.7294909945444      6184.771464377079      3168.420396239527      1.25246476355909       -3.537994221230924     6.654879806669445      
449.9999998952262      -6142.514631081138     -641.7538072569557     3248.400208937495      3.337407626343939      1.513941903074059      6.609916196867298      6978.140000000003      2.564128005217312e-15  97.8                   0                      190.0962               28.02508581763172      648.190798073147       6149.022002330959      3234.782058152117      1.23975445632834       -3.611825540619481     6.617322868303516      
460.0000000325963      -6108.780935151796     -626.5770439249026     3314.30755271023       3.409265606871933      1.521381091290077      6.571423702420656      6978.140000000005      2.839866458300385e-15  97.8                   0                      190.0962               28.64564328024569      660.5237398085435      6112.536422025712      3300.764265766074      1.226792023290818      -3.68521637649454      6.578989688661453      
469.999999855645       -6074.330652022357     -611.3267803160645     3379.826113451672      3.480723665366128      1.528641814730871      6.532160350717618      6978.139999999999      2.185479736831638e-15  97.8                   0                      190.0962               29.2662007428596       672.7258054402462      6075.319173053525      3366.359279076253      1.213579627198342      -3.75815779262342      6.539884764395654      
479.9999999930151      -6039.167822864403     -596.0048053542573     3444.948205542958      3.551773419478129      1.535723221681255      6.492130747524144      6978.139999999999      2.169089359615447e-15  97.80000000000001      0                      190.0962               29.88675820547356      684.7945066050343      6037.374794030414      3431.559403497129      1.200119472645989      -3.830640908550556     6.500012682687592      
490.0000001303852      -6003.296572434341     -580.6129163753576     3509.666189872761      3.622406534755464      1.542624481460668      6.4513395884909        6978.139999999998      1.945771720878332e-15  97.80000000000001      0                      190.0962               30.50731566808751      696.7273767770834      5998.707912140334      3496.356990765397      1.186413806325689      -3.902656900499227     6.459378120709695      
499.9999999534339      -5966.721108589545     -565.1529189164677     3573.972474733394      3.692614725619251      1.549344784520613      6.409791658602442      6978.139999999999      2.084847889869432e-15  97.80000000000001      0                      190.0962               31.1278731307015       708.5219721086099      5959.323242517387      3560.74443983715       1.172464916431222      -3.974197002548193     6.4179858450767        
510.000000090804       -5929.445721794757     -549.6266265041176     3637.859516711349      3.762389756336135      1.555883342539621      6.367491831615921      6978.140000000001      2.504208196672877e-15  97.80000000000001      0                      190.0962               31.74843059331542      720.1758722488203      5919.225587612458      3624.714197779514      1.158275132028514      -4.045252507794991     6.375840711286515      
519.9999999138527      -5891.474784618804     -534.0358604415305     3701.319821572177      3.831723441984372      1.562239388515729      6.324445069489357      6978.139999999999      2.084847889869432e-15  97.80000000000001      0                      190.0962               32.36898805592941      731.6866797975846      5878.419836711747      3688.258760656637      1.143846823332215      -4.11581476924419      6.332947663150631      
530.0000000512227      -5852.812751221659     -518.3824495949764     3764.34594513959       3.90060764941396       1.568412176856445      6.280656421799597      6978.139999999998      1.873124622746593e-15  97.80000000000001      0                      190.0962               32.98954551854336      743.0520218001751      5836.910965200304      3751.370674409944      1.129182400605613      -4.185875201089948     6.289311732214211      
539.9999998742715      -5813.464156831966     -502.6682301792364     3826.930494168699      3.969034298200695      1.574400983466216      6.236131025149962      6978.139999999998      1.789991878163891e-15  97.80000000000001      0                      190.0962               33.61010298115728      754.2695490681385      5794.704034078997      3814.042535732521      1.114284314537405      -4.255425279566259     6.244938037165855      
550.0000000116415      -5773.433617215026     -486.8950455422081     3889.066127213278      4.036995361594037      1.580205105831364      6.190874102567706      6978.139999999998      1.82682801053854e-15   97.80000000000001      0                      190.0962               34.23066044377123      765.3369376518135      5751.80418920258       3876.266992937563      1.099155055103137      -4.324456544208772     6.199831783237154      
560.0000001490116      -5732.725828131354     -471.064745948672      3950.745555486941      4.104482867458688      1.585823863102495      6.144890962891334      6978.140000000003      2.290527391376753e-15  97.80000000000001      0                      190.0962               34.85121790638519      776.2518882988207      5708.216660762079      3938.03674682075       1.083797151855276      -4.392960598719362     6.153998261592097      
569.9999999720603      -5691.345564785842     -455.1791883632471     4011.961543718152      4.17148889920975       1.591256596174368      6.098187000147846      6978.140000000003      2.154783521355726e-15  97.80000000000001      0                      190.0962               35.47177536899915      787.012127250945       5663.946762586595      3999.344551516487      1.068213173249082      -4.460929112082595     6.107442848706399      
580.0000001094304      -5649.297681267604     -439.2402362325611     4072.706910998958      4.238005596741389      1.596502667763205      6.050767692919999      6978.140000000001      1.897487209837662e-15  97.80000000000001      0                      190.0962               36.09233283161308      797.6154070170908      5618.999891430525      4060.183215347868      1.052405725935609      -4.528353819667312     6.060171005736808      
589.9999999324791      -5606.587109980575     -423.2497592666595     4132.974531627337      4.304025157348852      1.601561462481455      6.002638603703643      6978.139999999999      1.742852217960063e-15  97.80000000000003      0                      190.0962               36.71289029422704      808.0595058451248      5573.381526431574      4120.545601670296      1.036377455075156      -4.595226524075579     6.012188277880486      
600.0000000698492      -5563.218861064917     -407.2096332196801     4192.757335943077      4.369539836643759      1.606432386909974      5.953805378255216      6978.139999999999      1.741486621149106e-15  97.80000000000003      0                      190.0962               37.33344775684098      818.3422291372289      5527.097228286826      4180.424629708641      1.020131043103777      -4.661539096349943     5.963500293724544      
