0                      -812.6700286452202     -1364.871485090988     6905.671586866056      -7.012049157450219     -2.352848841122064     -1.287547363950947     7099.999999999999      0.001999999999999516   98.277102              89.99999999999503      19.99999999999999      10.00000000000496      -1198.771823176505     1054.413371105524      6903.822518772756      -1.01083733332232      7.400502990965544      -1.303120606225855     
10.00000013737008      -882.7436901463676     -1388.323082398567     6892.409539928145      -7.002552322854643     -2.337426861961625     -1.364837115252607     7099.999999999999      0.00199999999999953    98.277102              89.99999999999487      19.99999999999999      10.60703548596943      -1208.759240031053     1128.36555679809       6890.404845840168      -0.9866301408294106    7.38979082263838       -1.38038878092718      
19.99999996041879      -952.7184605618819     -1411.619150082927     6878.375357230437      -6.992271129109046     -2.321743209604861     -1.441973066322685     7100.000000000001      0.001999999999999641   98.277102              89.99999999999642      19.99999999999998      11.21406624594019      -1218.504113696116     1202.206324076585      6876.21526162373       -0.9623293516445839    7.378219502695464      -1.457501413485885     
30.00000009778887      -1022.586502112711     -1434.757080255382     6863.570620232474      -6.981206753586463     -2.305799657648353     -1.518946528789966     7100.000000000001      0.001999999999999646   98.277102              89.99999999999538      19.99999999999998      11.82109201288461      -1228.005528008288     1275.92708731977       6861.255364988918      -0.9379389385700188    7.365790216193312      -1.534449818198989     
39.99999992083758      -1092.339989239786     -1457.734282911097     6847.996997183598      -6.969360462885678     -2.289598009230287     -1.595748833234645     7099.999999999999      0.00199999999999937    98.277102              89.99999999999574      19.99999999999998      12.42811252033395      -1237.262606687689     1349.519273160086      6845.526841563338      -0.9134628833660342    7.352504251124175      -1.611225328513053     
50.00000005820766      -1161.971109495511     -1480.548186223436     6831.656242928384      -6.956733612674588     -2.273140096817208     -1.672371330197488     7099.999999999999      0.001999999999999329   98.277102              89.99999999999385      19.99999999999998      13.03512750243055      -1246.274513190402     1422.974321737565      6829.031463540173      -0.8889051747916852    7.338362998442153      -1.687819298032998     
59.99999988125637      -1231.472064433616     -1503.196236836174     6814.550198702002      -6.943327647522743     -2.256427781987244     -1.74880539118638      7100                   0.001999999999999472   98.277102              89.99999999999517      19.99999999999998      13.64213669394085      -1255.04045102324      1496.283687501457      6811.771089471575      -0.8642698093484078    7.323367951731701      -1.764223101528267     
70.00000001862645      -1300.835070497301     -1525.675900153504     6796.680791915526      -6.929144100723085     -2.239462955209837     -1.825042409680092     7099.999999999999      0.001999999999999334   98.277102              89.99999999999709      19.99999999999998      14.24913983030329      -1263.559663556882     1569.438840464484      6793.747664051993      -0.8395607893232231    7.307520707198378      -1.840428135936192     
80.00000015599653      -1370.052359905527     -1547.984660627842     6778.050035931214      -6.914184594102946     -2.222247535621991     -1.901073802129159     7100                   0.001999999999999359   98.277102              90.00000000000152      19.99999999999998      14.85613664764589      -1271.831434317641     1642.431267026943      6774.963217891498      -0.8147821233583037    7.29082296333873       -1.916425821362453     
89.99999997904524      -1439.116181537372     -1570.120022045366     6758.660029827799      -6.898450837824285     -2.204783470801094     -1.976891008953731     7099.999999999998      0.001999999999999187   98.277102              89.99999999999949      19.99999999999998      15.46312688283182      -1279.855086949801     1715.252471084602      6755.419867279104      -0.7899378253347584    7.273276520802141      -1.992207602078465     
100.0000001164153      -1508.018801814336     -1592.079507809269     6738.512958155825      -6.881944630173233     -2.187072736534323     -2.052485495538265     7100.000000000002      0.001999999999999346   98.277102              90.00000000000574      19.99999999999998      16.07011027345486      -1287.629985142382     1787.893975137438      6735.119813936142      -0.7650319132659612    7.254883282228994      -2.067764947515613     
109.999999939464       -1576.752505580484     -1613.860661220693     6717.611090683029      -6.864667857338974     -2.169117336584683     -2.127848753222928     7100.000000000005      0.0019999999999999     98.277102              90.00000000000796      19.99999999999999      16.67708655792064      -1295.155532945663     1860.347321102937      6714.065344759688      -0.7400684098540866    7.235645251896139      -2.143089353256144     
120.0000000768341      -1645.309596980325     -1635.461045757302     6695.956782129856      -6.846622493181961     -2.150919302453693     -2.202972300291591     7100.000000000004      0.001999999999999633   98.277102              90.00000000000382      19.99999999999999      17.28405547543871      -1302.431174487269     1932.604071567313      6692.258831556136      -0.7150513405489334    7.215564535618921      -2.218172342020647     
129.9999998998828      -1713.682400334325     -1656.878245349465     6673.552471895089      -6.82781059899157      -2.132480693140772     -2.277847682956269     7100.000000000003      0.001999999999999685   98.277102              90.00000000000274      19.99999999999998      17.8910167660511       -1309.456394337612     2004.655810562206      6669.702730764881      -0.689984734266422     7.194643340359734      -2.293005464651952     
140.0000000372529      -1781.863261011939     -1678.109864654022     6650.400683771661      -6.808234323233151     -2.113803594899341     -2.352466476337895     7099.999999999998      0.001999999999999289   98.277102              89.99999999999618      19.99999999999998      18.4979701706918       -1316.230717187527     2076.49414481341       6646.399583172188      -0.6648726214555991    7.172883974094762      -2.367580301095328     
149.9999998603016      -1849.84454630206      -1699.153529325585     6626.504025652682      -6.787895901284588     -2.094890120989685     -2.426820285443297     7100.000000000005      0.001999999999999685   98.27710199999999      90.00000000000253      19.99999999999999      19.10491543117127      -1322.753708227576     2148.110704509875      6622.352013615295      -0.6397190348084394    7.150288845405889      -2.441888461374873     
159.9999999976717      -1917.618646280789     -1720.006886285366     6601.865189227702      -6.766797655162346     -2.07574241142861      -2.500900746138239     7100.000000000003      0.001999999999999467   98.27710199999999      90.00000000000352      19.99999999999999      19.71185229026939      -1329.024972787128     2219.497144549371      6597.56273067674       -0.6145280073352026    7.126860463312353      -2.515921586565943     
170.0000001350418      -1985.1779746764       -1740.667603987469     6576.486949669284      -6.744941993237092     -2.056362632735919     -2.574699526116427     7100.000000000004      0.001999999999999575   98.27710199999999      90.00000000000236      19.99999999999999      20.31878049170712      -1335.044156675626     2290.645145329567      6572.034526369023      -0.5893035729052649    7.102601436859449      -2.589671349763516     
179.9999999580905      -2052.514969731425     -1761.133372682645     6550.37216530989       -6.722331409938911     -2.036752977677755     -2.64820832586432      7100                   0.001999999999999319   98.27710199999999      90.00000000000095      19.99999999999999      20.92569978019811      -1340.81094604533      2361.546413837245      6545.770275809578      -0.5640497651441185    7.077514474847887      -2.663129457046348     
190.0000000954606      -2119.622095061723     -1781.401904679456     6523.523777309155      -6.698968485452174     -2.016915665006842     -2.721418879621656     7099.999999999999      0.001999999999999196   98.27710199999999      90.00000000000119      19.99999999999999      21.53260990147668      -1346.325067218843     2432.192684736665      6518.772936886126      -0.538770616341594     7.051602385539882      -2.736287648436808     
199.9999999185093      -2186.49184051246      -1801.470934602832     6495.944809311559      -6.674855885400093     -1.996852939199656     -2.794322956337551     7100.000000000005      0.001999999999999641   98.27710199999999      90.0000000000061       19.99999999999999      22.13951060232587      -1351.586287054532     2502.575721147274      6491.045549912471      -0.5134701579800105    7.024868076224555      -2.809137698856274     
210.0000000558794      -2253.116723010875     -1821.338219649977     6467.638367094578      -6.649996360519011     -1.976567070190568     -2.86691236062204      7100.000000000008      0.001999999999999964   98.27710199999999      90.00000000000988      20.00000000000001      22.74640163061591      -1356.594412489552     2572.687315879008      6462.591237274739      -0.4881524188330305    6.99731455296275       -2.88167141907595      
219.9999998789281      -2319.48928741574      -1841.001539843613     6438.607638207337      -6.624392746322498     -1.956060353102987     -2.939178933692969     7100.000000000009      0.002000000000000156   98.27710199999999      90.00000000001171      19.99999999999999      23.35328273531943      -1361.349290968477     2642.519292170417      6433.413203068148      -0.4628214256505233    6.96894492012167       -2.953880656662996     
230.0000000162981      -2385.602107363412     -1860.458698282506     6408.855891599816      -6.598047962755277     -1.935335107977562     -3.011114554318084     7100.000000000011      0.002000000000000328   98.27710199999999      90.0000000000157       19.99999999999999      23.96015366654002      -1365.850809948737     2712.063504918354      6403.514732724351      -0.4374812012698292    6.939762380085187      -3.025757296921852     
240.0000001536682      -2451.447786110373     -1879.707521389275     6378.38647724266       -6.570965013837043     -1.914393679497451     -3.082711139752216     7100.000000000011      0.002000000000000239   98.277102              90.00000000001718      19.99999999999999      24.56701417555439      -1370.098897278879     2781.311841438169      6372.899192629357      -0.4121357651334268    6.909770232782216      -3.097293263830619     
249.9999999767169      -2517.018957372151     -1898.745859155424     6347.202825737645      -6.543146987296243     -1.89323843671071      -3.153960646669439     7100.000000000012      0.002000000000000297   98.27710199999999      90.00000000001876      20.00000000000001      25.17386401482463      -1374.093520984586     2850.256222530492      6341.570029732147      -0.3867891322034102    6.878971875315628      -3.168480520972403     
260.000000114087       -2582.308286158542     -1917.571585383597     6315.308447918845      -6.514597054193838     -1.871871772749857     -3.224855072090077     7100.000000000009      0.00200000000000011    98.27710199999999      90.00000000001629      19.99999999999999      25.78070293804053      -1377.834689020301     2918.888603545578      6309.530771143986      -0.3614453118899871    6.847370801568297      -3.239311072461475     
269.9999999371357      -2647.308469605007     -1936.182597927006     6282.706934444558      -6.485318468537143     -1.850296104548611     -3.295386454302454     7100.000000000009      0.002000000000000026   98.27710199999999      90.00000000002022      20.00000000000001      26.38753070012594      -1381.322449671579     2987.200975128123      6276.785023728502      -0.3361083085571794    6.814970601709336      -3.309776963864168     
280.0000000745058      -2712.012237800167     -1954.576818926016     6249.401955380036      -6.455314566883779     -1.82851387255588      -3.365546873779259     7100.000000000006      0.001999999999999705   98.27710199999999      90.00000000001747      20.00000000000001      26.99434705730512      -1384.556890965388     3055.185364431054      6243.336473682576      -0.3107821196637975    6.781774961819488      -3.379870283114342     
289.9999998975545      -2776.412354609285     -1972.752195041855     6215.397259771087      -6.424588767935799     -1.806527540447024     -3.435328454088417     7100.000000000007      0.001999999999999919   98.27710199999999      90.00000000002022      20.00000000000001      27.60115176708149      -1387.538141146588     3122.83383581872       6209.188886108128      -0.2854707364210944    6.747787663371555      -3.449583161423358     
300.0000000349246      -2840.501618493637     -1990.706697687422     6180.696675208588      -6.393144572124057     -1.784339594832431     -3.50472336279835      7100.000000000008      0.001999999999999806   98.27710199999999      90.00000000001924      20.00000000000001      28.20794458831182      -1390.266368052429     3190.138492072298      6174.3461045748        -0.2601781419514346    6.713012582822087      -3.518907774184412     
309.9999998579733      -2904.272863325682     -2008.438323255172     6145.304107383979      -6.360985561182882     -1.761952544963446     -3.573723812377519     7100.000000000012      0.002000000000000222   98.27710199999999      90.0000000000274       20.00000000000001      28.81472528119014      -1392.741779600458     3257.091475083206      6138.812050673654      -0.2349083119333743    6.677453691077151      -3.587836341871119     
319.9999999953434      -2967.718959199935     -2025.945093342046     6109.223539635788      -6.328115397715101     -1.739368922435705     -3.64232206108812      7100.000000000011      0.002000000000000153   98.27710199999999      90.00000000002662      20.00000000000001      29.42149360732798      -1394.96462312721      3323.684967049603      6102.590723561881      -0.2096652127781895    6.641115053050632      -3.656361130930239     
330.0000001327135      -3030.832813239432     -2043.225054971411     6072.459032487253      -6.294537824747516     -1.716591280889898     -3.710510413873846     7100.000000000017      0.002000000000000657   98.27710199999999      90.00000000003202      19.99999999999999      30.02824932971744      -1396.935185811181     3389.911191191016      6065.686199498651      -0.1844528021143703    6.604000827119658      -3.724474454668452     
339.9999999557622      -3093.607370397708     -2060.276280812014     6035.014723175087      -6.260256665276851     -1.693622195710017     -3.778281223241581     7100.000000000015      0.002000000000000726   98.27710199999999      90.00000000002557      19.99999999999998      30.63499221282408      -1398.653794363029     3455.762412775866      6028.102631372089      -0.1592750277364669    6.566115264628865      -3.792168674133032     
350.0000000931323      -3156.035614256187     -2077.096869393892     5996.894825169474      -6.225275821806285     -1.670464263719117     -3.845626890136934     7100.000000000013      0.002000000000000464   98.27710199999999      90.00000000002225      20.00000000000001      31.24172202254766      -1400.120814682461     3521.230940144704      5989.844248217505      -0.1341358265709001    6.527462709372562      -3.85943619898635      
359.999999916181       -3218.110567816895     -2093.68494532123      5958.10362768532       -6.189599275872605     -1.647120102872646     -3.912539864813495     7100.000000000015      0.002000000000000477   98.27710199999999      90.00000000002346      19.99999999999998      31.84843852629533      -1401.336652303697     3586.309125407706      5950.915354726883      -0.1090391251458733    6.488047597029932      -3.926269488374068     
370.000000053551       -3279.825294290382     -2110.038659482143     5918.645495184857      -6.15323108756406      -1.623592351949375     -3.979012647695714     7100.000000000014      0.002000000000000206   98.27710199999999      90.0000000000298       20.00000000000001      32.45514149299497      -1402.301751642671     3650.989365617598      5911.320330749747      -0.08398883780912969   6.447874454641677      -3.99266105178695      
379.9999998765998      -3341.172897878802     -2126.156189255353     5878.524866871649      -6.116175395029004     -1.599883670239976     -4.045037790235278     7100.000000000016      0.002000000000000338   98.27710199999997      90.00000000003561      19.99999999999999      33.06183069312694      -1403.016596530355     3715.264103423355      5871.063630785417      -0.05898886734286257   6.406947900025949      -4.058603449916139     
390.0000000139698      -3402.146524554005     -2142.035738713741     5837.746256176058      -6.078436413975368     -1.57599673723329      -4.110607895760923     7100.000000000015      0.002000000000000343   98.27710199999999      90.00000000003469      19.99999999999999      33.66850589874422      -1403.48170942495      3779.125828232175      5830.149783466758      -0.03404310320135084   6.365272641222933      -4.124089295501851     
400.0000001513399      -3462.739362830602     -2157.675538824757     5796.314250232263      -6.040018437161058     -1.551934252300323     -4.175715620321522     7100.000000000015      0.002000000000000242   98.27710199999999      90.00000000003311      20.00000000000001      34.2751668834855       -1403.697651868467     3842.567076883873      5788.583391035485      -0.009155421969523014  6.322853475897474      -4.189111254175321     
409.9999999743886      -3522.944644533875     -2173.073847647639     5754.233509346869      -6.000925833875367     -1.527698934376022     -4.240353673522391     7100.000000000014      0.002000000000000121   98.27710199999999      90.00000000002703      20.00000000000001      34.88181342262273      -1403.665024103961     3905.58043464065       5746.369128809059      0.01567031365512472    6.279695290750899      -4.253662045293964     
420.0000001117587      -3582.755645562463     -2188.228950527465     5711.508766459179      -5.961163049411427     -1.503293521638867     -4.304514819354687     7100.000000000012      0.002000000000000136   98.27710199999999      90.00000000002559      19.99999999999998      35.4884452930637       -1403.384464661139     3968.158536170881      5703.51174463928       0.04043025586008511    6.235803060911413      -4.317734442769584     
429.9999999348074      -3642.16568664572      -2203.139160285971     5668.144826593232      -5.920734604529841     -1.478720771188328     -4.368191877017817     7100.000000000016      0.002000000000000277   98.27710199999997      90.00000000003297      19.99999999999999      36.09506227339521      -1402.85665083464      4030.294066204939      5660.016058362641      0.06512057127490517    6.191181849318192      -4.381321275889598     
440.0000000721775      -3701.16813409568      -2217.802817409142     5624.146566301626      -5.879645094913523     -1.453983458720224     -4.431377721734732     7100.000000000014      0.002000000000000129   98.27710199999997      90.00000000003054      19.99999999999998      36.70166414392582      -1402.082297808227     4091.979760667831      5615.886961242474      0.08973744268354861    6.145836806087454      -4.444415430131098     
449.9999998952262      -3759.756400553511     -2232.218290231541     5579.518933101247      -5.837899190613861     -1.429084378200039     -4.494065285560043     7100.000000000015      0.002000000000000302   98.27710199999997      90.00000000003364      19.99999999999999      37.30825068665373      -1401.062159229931     4153.20840729038       5571.129415403043      0.1142770684448587     6.09977316788247       -4.50700984796775      
460.0000000325963      -3817.923945730399     -2246.383975117366     5534.266944900933      -5.795501635488252     -1.404026341534225     -4.556247558180835     7100.000000000015      0.002000000000000174   98.27710199999997      90.00000000003652      19.99999999999999      37.91482168534649      -1399.797026303399     4213.972846728473      5525.748453255548      0.1387356641808709     6.052996257249001      -4.569097529669341     
469.999999855645       -3875.664277142758     -2260.298296638209     5488.395689421181      -5.75245724662913      -1.378812178239549     -4.617917587710086     7100.000000000015      0.002000000000000231   98.27710199999997      90.0000000000334       19.99999999999998      38.52137692554436      -1398.287728373594     4274.26597316183       5479.749176916208      0.1631094622092804     6.005511481972902      -4.630671534093927     
479.9999999930151      -3932.97095084169      -2273.959707747494     5441.910323605952      -5.708770913784529     -1.353444735110527     -4.679068481472628     7100.000000000015      0.002000000000000235   98.27710199999997      90.00000000003395      19.99999999999999      39.12791619456865      -1396.535131984714     4334.080735399621      5433.136757616451      0.1873947132084364     5.957324334385335      -4.691724979472503     
490.0000001303852      -3989.837572136608     -2287.366689951586     5394.816073026652      -5.664447598770295     -1.327926875884981     -4.739693406783505     7100.000000000015      0.002000000000000283   98.27710199999997      90.00000000003713      19.99999999999998      39.73443928157212      -1394.540141376981     4393.41013749806       5385.916435105288      0.2115876857952377     5.908440390703524      -4.752251044186059     
499.9999999534339      -4046.257796312947     -2300.517753477546     5347.11823127837       -5.619492334874015     -1.302261480907774     -4.799785591718688     7100.000000000015      0.002000000000000321   98.27710199999997      90.00000000003081      19.99999999999998      40.34094597756274      -1392.30369801398      4452.247239692338      5338.093517043961      0.2356846674904405     5.858865310330404      -4.812242967534949     
510.000000090804       -4102.225329343859     -2313.411437437512     5298.822159368452      -5.573910226250764     -1.276451446792764     -4.85933832587803      7100.000000000017      0.002000000000000563   98.27710199999997      90.0000000000362       19.99999999999998      40.94743607538293      -1389.826780081736     4510.585159320225      5289.673378392937      0.2596819656581971     5.80860483513411       -4.871694050500512     
519.9999999138527      -4157.733928595836     -2326.046309989687     5249.93328509747       -5.527706447310742     -1.25049968608302      -4.918344961140364     7100.000000000017      0.002000000000000869   98.27710199999997      90.00000000003139      19.99999999999998      41.55390936980906      -1387.110403003832     4568.417071420156      5240.661460791314      0.2835759071038395     5.757664788772388      -4.9305976564988       
530.0000000512227      -4212.777403528167     -2338.420968495932     5200.457102432702      -5.480886242098896     -1.224409126909357     -4.976798912410691     7100.000000000018      0.002000000000001004   98.27710199999997      90.00000000003078      19.99999999999998      42.16036565749516      -1384.155618417458     4625.736209800274      5191.063271928757      0.307362839677591      5.706051075924305      -4.988947212126384     
539.9999998742715      -4267.349616386148     -2350.534039675923     5150.399170874162      -5.433454923666626     -1.198182712647217     -5.034693658359334     7100.000000000015      0.00200000000000061    98.27710199999997      90.00000000002834      19.99999999999998      42.76680473705234      -1380.963514797895     4682.535867590691      5140.884384909977      0.3310391317450019     5.653769681607267      -5.046736207898111     
550.0000000116415      -4321.444482887977     -2362.384179757881     5099.76511481328       -5.385417873435641     -1.171823401571958     -5.092022742152999     7100.000000000011      0.002000000000000195   98.27710199999996      90.00000000001808      19.99999999999998      43.37322640905084      -1377.535216402619     4738.809398296921      5090.130437611901      0.3546011737648021     5.600826670380203      -5.103958198976741     
560.0000001490116      -4375.055972905237     -2373.970074625836     5048.560622884326      -5.336780540554085     -1.145334166512593     -5.148779772177652     7100.000000000015      0.002000000000000275   98.27710199999997      90.00000000003041      19.99999999999998      43.97963047600599      -1373.871883797113     4794.550216369644      5038.807132033586      0.3780453778970533     5.547228185641147      -5.160606805894393     
569.9999999720603      -4428.178111136919     -2385.290439963429     4996.79144730863       -5.287548441244996     -1.11871799450402      -5.204958422753121     7100.000000000013      0.00200000000000006    98.27710199999997      90.00000000002944      19.99999999999998      44.58601674250293      -1369.974713315773     4849.751798084892      4986.920233638942      0.4013681789200961     5.492980448845677      -5.216675715265698     
580.0000001094304      -4480.804977776869     -2396.344021394224     4944.46340323171       -5.23772715814722      -1.091977886437791     -5.26055243483936      7100.000000000013      0.002000000000000049   98.27710199999997      90.00000000003025      19.99999999999998      45.19238501510117      -1365.844936496282     4904.407682414576      4934.475570692379      0.424566035119482      5.438089758706273      -5.272158680492586     
589.9999999324791      -4532.93070917463      -2407.129594618523     4891.582368053372      -5.187322339648848     -1.065116856711477     -5.315555616734281     7100.000000000012      0.002000000000000033   98.27710199999996      90.00000000002716      19.99999999999998      45.79873510242789      -1361.483820623842     4958.511471575219      4881.479033587449      0.447635427915452      5.382562490475491      -5.327049522460642     
600.0000000698492      -4584.549498489567     -2417.64596554667      4838.154280750879      -5.136339699213288     -1.038137932876656     -5.36996184476309      7100.000000000009      0.001999999999999922   98.27710199999996      90.0000000000186       20.00000000000001      46.40506681517429      -1356.892667596286     5012.056832040322      4827.936574168558      0.4705728633743179     5.326405095080037      -5.381342130226932     
