0                      -6870.361458237647     -1221.648760180399     12.06646228489086      -0.1668231824603867    1.012147169826821      7.487925614766487      6978.139999999978      1.245890273512737e-16  97.8                   0                      190.0962               0.1000000000038442     1.593638951542424      6978.139098641981      -3.168583074186815     1.537295520722416      0.003048817055936863   7.487562411657425      
10.00000013737008      -6871.62614880329      -1211.455737043168     86.94353913859169      -0.08611246407576188   1.026437500735416      7.487342768316683      6978.137564050142      1.469459756518905e-05  97.80000133690196      91.77233245404662      190.0962000119027      268.948225005068       16.96601995512622      6977.750393170902      71.70575639445171      1.53713033100679       -0.08078910514102673   7.487158537995503      
19.99999996041879      -6872.083674134732     -1201.120412119316     161.810378069112       -0.005391730399221509  1.040607246042382      7.485878050790543      6978.130772614133      2.939580769827549e-05  97.80000513169979      93.30027439264322      190.0962000830616      268.0408405258243      32.33523884519776      6976.523349890094      146.5716477931093      1.536663138305766      -0.1646170233846135    7.485872814829281      
30.00000009778887      -6871.733981923658     -1190.643999673726     236.6581611633417      0.07532944956597802    1.054654726420786      7.48353163950267       6978.119629231771      4.410956136455025e-05  97.800011382305        94.82737135688831      190.0962002671905      267.1343010321505      47.6982762572929       6974.458120494694      221.4202733183286      1.535894020296221      -0.248424606673934     7.483705398255191      
39.99999992083758      -6870.577115552216     -1180.027730690793     311.4780728147813      0.1560415069348694     1.068578277331562      7.480303818454662      6978.104139488365      5.884175050847182e-05  97.80002008548531      96.35325574059173      190.0962006179428      266.2289741412627      63.05211321911909      6971.554959980828      296.2428172610806      1.534823105623743      -0.3322015266344371    7.480656551056978      
50.00000005820766      -6868.613214085688     -1169.272852725471     386.2613007902079      0.2367348741711944     1.082376249236598      7.476194978291621      6978.084311011699      7.359821067013799e-05  97.80003123686627      97.87756312681589      190.0962011888867      265.3252242811931      78.39373293965907      6967.814226603668      371.0304670734472      1.533450573842223      -0.4159374591910276    7.476726642664944      
59.99999988125637      -6865.842512252849     -1158.380629752215     460.9990372958252      0.3173999863173503     1.096047007809518      7.471205616242539      6978.060153468093      8.838470383630291e-05  97.80004483093356      99.39993322192259      190.09620203348        264.4234117567618      93.72012003793056      6963.236381839029      445.7744144348159      1.531776655435788      -0.4996220856765141    7.471916149099051      
70.00000001862645      -6862.265340414036     -1147.352342011812     535.6824800427374      0.3980272822235901     1.109588934144101      7.465336336044601      6978.031678557473      0.000103206901593699   97.80006086103555      100.9200107692271      190.0962032050458      263.5238918359408      109.0282623313813      6957.821990307975      520.4658563174241      1.529801631709919      -0.5832450945023762    7.46622565289596       
80.00000015599653      -6857.882124516919     -1136.189285856153     610.3028333115868      0.4786072057762327     1.123000424960302      7.458587847851438      6977.998900007488      0.0001180703686512766  97.80007931938663      102.4374464285543      190.0962047567478      262.6270138703171      124.3151502252571      6951.571719713433      595.0959960510964      1.5275258348111        -0.6667961823001187    7.459655843020002      
89.99999997904524      -6852.693386040022     -1124.89277359095      684.8513090161905      0.5591302071246014     1.136279892807832      7.450960968125329      6977.961833566692      0.000132980546793073   97.80010019707089      103.9518976182951      190.0962067415657      261.7331204530541      139.5777777013147      6944.48634074565       669.6560443870068      1.524949647645958      -0.7502650554129286    7.452207514758101      
100.0000001164153      -6846.699741923949     -1113.464133316427     759.3191277660236      0.6395867439064435     1.149425766267255      7.442456619513433      6977.920496996685      0.0001479427393209144  97.80012348404645      105.4630293180158      190.0962092122708      260.8425466163007      154.8131433005341      6936.566726967534      744.1372205603142      1.522073503757355      -0.833641431383681     7.443881569598722      
109.999999939464       -6839.901904490384     -1101.904708766024     833.6975199273812      0.7199672824715697     1.162436490148568      7.433075830708066      6977.874910063397      0.0001629620960418306  97.80014916915015      106.9705148204916      190.0962122214012      259.9556190791762      170.0182495164715      6927.81385471883       818.5307533515056      1.51889788736724       -0.916915040091709     7.434679015094863      
120.0000000768341      -6832.300681348866     -1090.215859143111     907.9777266830655      0.8002622991034527     1.175310525687209      7.422819736291108      6977.825094527379      0.0001780435988490595  97.80017724010284      108.4740364351618      190.0962158212384      259.072655544333       185.1901045732048      6918.228802957461      892.8278821462895      1.515423333147198      -1.000075625410576     7.424600964711174      
129.9999998998828      -6823.896975291345     -1078.398958955775     982.1510010904382      0.8804622812385254     1.188046350737481      7.411689576562557      6977.771074133152      0.0001931920479434216  97.80020768351527      109.9732861387959      190.0962200637824      258.1939640473088      200.3257216594079      6907.812753143888      967.0198579938849      1.511650426285864      -1.083112946304877     7.413648637655203      
140.0000000372529      -6814.691784174575     -1066.455397849665     1056.208609137677      0.9605577286829392     1.200642459963324      7.399686697353321      6977.712874597627      0.0002084120487350331  97.80024048489419      111.4679661684816      190.0962250007279      257.3198423635559      215.4221207002498      6896.56698904941       1041.097944663536      1.507579802211649      -1.166016778480348     7.401823358692901      
149.9999998603016      -6804.686200790335     -1054.38658043896      1130.141830798086      1.040539154826503      1.213097365026432      7.386812549822301      6977.650523597575      0.0002237079994598303  97.80027562864937      112.9577895580017      190.0962306834405      256.4505774720824      230.4763275945084      6884.492896618578      1115.053419699111      1.503212146673018      -1.248776915475414     7.389126557948382      
159.9999999976717      -6793.881412723545     -1042.193926135459     1203.941961082291      1.120397087853574      1.225409594771649      7.373068690237841      6977.584050756212      0.0002390840795404949  97.80031309810072      114.4424806126978      190.0962371629332      255.5864450806062      245.4853759802596      6871.591963744599      1188.87757547162       1.498548195413464      -1.331383170302431     7.375559770688072      
170.0000001350418      -6782.278702198275     -1029.878868975834     1277.600311088184      1.200122071950637      1.237577695409643      7.358456779743647      6977.513487628834      0.00025454423871691    97.80035287548614      115.9217753248478      190.0962444898423      254.7277092101944      260.4463066298395      6857.865780104034      1262.561720229486      1.493588734232661      -1.413825376566716     7.361124637089291      
179.9999999580905      -6769.879445911701     -1017.442857447072     1351.108209048434      1.279704668510334      1.249600230696787      7.342978584109204      6977.438867687531      0.0002700921869652988  97.80039494196991      117.3954217280434      190.0962527144045      253.8746218409034      275.3561684240404      6843.316036929289      1336.097179146444      1.488334598775684      -1.496093389926759     7.345822901993355      
190.0000000954606      -6756.68511485604      -1004.887354310126     1424.457001375436      1.359135457331688      1.261475782112259      7.326635973464838      6977.360226305052      0.0002857313852184857  97.80043927765134      118.8631801899133      190.0962618864336      253.0274226190728      290.2120193186129      6827.944526761372      1409.475295366869      1.482786674279837      -1.57817708954757      7.32965641464328       
199.9999999185093      -6742.6972741285       -992.2138364218195     1497.638053703534      1.438405037816294      1.273202949032282      7.309430922021496      6977.277600737702      0.0003014650368979812  97.80048586157399      120.324823645785       190.0962720552973      252.1863386236795      305.0109257431498      6811.75314325292       1482.687431048428      1.476945895659273      -1.660066379208513     7.312627128406235      
210.0000000558794      -6727.917582729293     -979.4237945550099     1570.642751928359      1.517504030160211      1.284780348901526      7.291365507775323      6977.191030107446      0.0003172960802584604  97.8005346717356       121.7801377722482      190.0962832698946      251.3515841927926      319.7499643487128      6794.743880862148      1555.724968401868      1.470813247061482      -1.741751188916891     7.294737100480749      
219.9999998789281      -6712.347793347747     -966.5187332170642     1643.462503243139      1.596423076541346      1.296206617401608      7.272441912197163      6977.100555383023      0.0003332271815495084  97.80058568509814      123.2289211050736      190.0962955786332      250.5233608056691      334.426221250636       6776.918834639786      1628.579310727798      1.464389761993903      -1.823221475972432     7.275988491588842      
230.0000000162981      -6695.989752136573     -953.5001704666572     1716.088737171838      1.675152842302069      1.307480408616677      7.252662419907104      6977.006219360303      0.0003492607289816024  97.80063887759859      124.6709850998473      190.0963090294071      249.7018570221372      349.0367937660303      6758.280199890938      1701.241883450329      1.457676522833825      -1.904467226567258     7.25638356565321       
240.0000001536682      -6678.845398474327     -940.3696377289303     1788.512906598953      1.75368401712685       1.318600395196051      7.232029418334143      6976.908066641718      0.0003653988274946776  97.80069422416007      126.106154141136       190.0963236695746      248.8872484734463      363.5787898144012      6738.830271932458      1773.704135147398      1.450674660922633      -1.985478456874189     7.235924689459477      
249.9999999767169      -6660.916764716125     -927.1286796090393     1860.726488795844      1.832007316214668      1.329565268513898      7.210545397361124      6976.806143614874      0.0003816432943116192  97.80075169870356      127.5342655006687      190.0963395459361      248.0796979041008      378.0493288738014      6718.571445764556      1845.957538577655      1.443385356256484      -2.066245214466002     7.214614332303746      
260.000000114087       -6642.205975932651     -913.7788537041203     1932.720986443432      1.910113481445984      1.340373738825903      7.188212948955064      6976.700498430327      0.0003979956552607496  97.80081127415977      128.9551692477832      190.0963567047129      247.2793552614294      392.4455429265634      6697.506215723251      1917.993591703735      1.435809837135474      -2.146757579725171     7.192455065625516      
269.9999999371357      -6622.715249637539     -900.3217304137029     2004.487928651136      1.987993282544039      1.351024535422957      7.16503476678298       6976.591180978524      0.0004144571418499198  97.80087292248184      130.3687281162671      190.0963751915254      246.4863578287595      406.7645758633611      6675.637175207133      1989.803818711804      1.427949380282215      -2.227005666916155     7.169449562626073      
280.0000000745058      -6602.446895503162     -886.7588927486033     2076.018871971889      2.065637518230261      1.361516406781783      7.141013645813366      6976.478242865945      0.0004310286890681422  97.80093661465833      131.7748173293863      190.0963950513726      245.7008304004028      421.0035851967588      6652.967016259949      2061.379771027203      1.419805310235364      -2.306979625747013     7.145600597872537      
289.9999998975545      -6581.403315064889     -873.091936138325      2147.305401413105      2.143037017373582      1.371848120712526      7.116152481903455      6976.361737390427      0.0004477109338911587  97.80100232072654      133.1733243875069      190.0964163286105      244.9228854940484      435.1597413124074      6629.498529284392      2132.713028326074      1.411378999523648      -2.386669642396332     7.120911046887664      
300.0000000349246      -6559.587001413904     -859.3224682369994     2218.33913144344       2.220182640133426      1.382018464503265      7.090454271372399      6976.241719515728      0.0004645042144641177  97.80107000978649      134.5641488210249      190.0964390669325      244.1526235978478      449.2302291673697      6605.234602593821      2203.7951995428        1.402671868014892      -2.466065941056535     7.095383885725571      
309.9999998579733      -6537.000538878605     -845.452108727897      2289.11170699522       2.297065279096175      1.392026245061445      7.063922110560513      6976.118245845281      0.0004814085699348232  97.80113965001514      135.9472019126973      190.0964633093485      243.3901334480971      463.2122475485186      6580.178222105407      2274.617923873144      1.393685383102342      -2.545158784949233     7.069022190533496      
319.9999999953434      -6513.646602694681     -831.4824891265392     2359.614804462392      2.373675860404919      1.401870289052179      7.036559195374744      6975.99137459523       0.0004984237409056045  97.8012112086811       137.3224063919525      190.0964890981652      242.6354923349406      477.103010755499       6554.332470861275      2345.172871772926      1.38442105900941       -2.623938477849229     7.04182913709976       
330.0000001327135      -6489.527958663923     -817.4152525824434     2429.840132693862      2.450005344882255      1.411549443033468      7.008368820820502      6975.861165566663      0.0005155491704772767  97.80128465215969      138.6896961057026      190.0965164749666      241.8887664315715      490.8997480127276      6527.700528690237      2415.451745952122      1.37488045692755       -2.702395365118337     7.013808000388107      
339.9999999557622      -6464.64746280185      -803.2520536795311     2499.779433982078      2.526044729145971      1.42106257358827       6.979354380520018      6975.727680117155      0.0005327840058510104  97.80135994594868      140.0490156678372      190.0965454805949      241.150011144752       504.5997043912437      6500.28567175479       2485.446282364231      1.365065184585793      -2.780519835052088     6.984962154058517      
350.0000000931323      -6439.008060974201     -788.9945582352306     2569.424485046741      2.601785046717405      1.430408567453424      6.949519366217388      6975.590981131566      0.0005501271004587387  97.80143705468402      141.4003200913751      190.0965761551311      240.4192714826733      518.2001417172563      6472.091272080002      2555.148251190786      1.354976895780228      -2.858302320213928     6.955295069974728      
359.999999916181       -6412.6127885224       -774.6444430983071     2638.767098013489      2.6772173691223        1.439586331645424      6.918867367270466      6975.451132992162      0.0005675770165904855  97.80151594215631      142.7435744057713      190.0966085378768      239.696582437661       531.6983379905249      6443.120797186167      2624.549457820876      1.344617290536303      -2.935733298448338     6.924810317698544      
370.000000053551       -6385.464769878031     -760.2033959454504     2707.799121387442      2.752332806983956      1.448594793583031      6.887402070129768      6975.308201547997      0.0005851320284877618  97.80159657132756      144.0787532630779      190.0966426673362      238.9819693800272      545.091589032368       6413.37780953483       2693.64174382554       1.333988114302526      -3.012803294353346     6.893511563971185      
379.9999998765998      -6357.567218166429     -745.6731150766528     2776.512441021467      2.82712251110853       1.45743290120669       6.85512725780458       6975.162254083662      0.0006027901258716358  97.80167890434809      145.4058405349193      190.0966785811975      238.2754484611059      558.3772077562012      6382.865966152718      2762.41698792692       1.323091158185433      -3.089502880246644     6.861402572181792      
390.0000000139698      -6328.923434799465     -731.0553092094077     2844.89898107905       2.901577673562258      1.4660996230948        6.8220468093164        6975.013359287367      0.0006205490178748495  97.80176290257421      146.7248289035074      190.0967163163164      237.577027022249       571.5525257982786      6351.589018048617      2830.867106962026      1.311928258100614      -3.165822677615332     6.828487201823258      
400.0000001513399      -6299.536809057588     -716.3516972717621     2912.950704991624      2.975689528740473      1.474593948576775      6.788164699139926      6974.861587218315      0.0006384061373518803  97.801848526586        148.0357194492791      190.0967559086983      236.8867040072001      584.6148929394725      6319.550809804592      2898.984056840999      1.300501294946462      -3.241753358096827     6.794769407935581      
409.9999999743886      -6269.410817661229     -701.5640081942548     2980.659616410264      3.04944935442824       1.482914887842923      6.75348499663176       6974.707009273563      0.0006563586455303968  97.80193573620552      149.3385212363148      190.0967973934815      236.2044703766863      597.5616779947525      6286.755279031054      2966.759833499753      1.288812194083973      -3.317285644756048     6.760253240536934      
420.0000001117587      -6238.549024331624     -686.6939807007716     3048.017760151592      3.122848472852429      1.491061472051122      6.71801186544701       6974.549698154129      0.0006744034369856856  97.80202449051541      150.6332508993357      190.0968408049216      235.5303095214312      610.3902696858646      6253.206455804641      3034.186473846855      1.276862924778398      -3.392410313347737     6.724942844042578      
429.9999999348074      -6206.955079341187     -671.7433630983483     3115.017223137799      3.195878251725095      1.499032753430319      6.68174956294397       6974.389727830659      0.0006925371449002123  97.80211474787779      151.9199322322237      190.0968861763748      234.8641976736442      623.0980760708774      6218.90846223204       3101.256056704552      1.264655500397971      -3.467118193273576     6.688842456671881      
440.0000000721775      -6174.632719053472     -656.7139130659576     3181.650135330649      3.268530105278008      1.506827805380785      6.644702439577072      6974.227173508379      0.0007107561465959913  97.80220646595336      153.1985957816119      190.0969335402831      234.2061043134395      635.6825261316148      6183.865511795658      3167.960703743777      1.252191977458904      -3.54140016897155      6.651956409843537      
449.9999998952262      -6141.585765452834     -641.6073974423066     3247.908670659361      3.340795495288151      1.514445722571227      6.606874938278288      6974.062111591571      0.0007290565692990107  97.80229960172113      154.4692784459698      190.0969829281584      233.5559925697598      648.1410690623222      6148.081908911865      3234.292580413095      1.239474455908876      -3.615247180826053     6.614289127559262      
460.0000000325963      -6107.818125663896     -626.4255920126803     3313.785047942238      3.412665932094096      1.521885621032673      6.568271593827181      6973.894619647472      0.000747434296127403   97.80239411149822      155.732023081862       190.0970343705687      232.913819614126       660.4711758358196      6111.562048249338      3300.243896861386      1.226505078132149      -3.688650226531054     6.575845125776092      
469.999999855645       -6073.333791460893     -611.170281294863      3379.271531801954      3.484132975603081      1.529146638249165      6.528897032209788      6973.72477636964       0.0007658849722716115  97.80248995096008      156.9868781187001      190.0970878971231      232.2795370458929      672.6703384993988      6074.310414269112      3365.806908854223      1.213286029246172      -3.761600361983364     6.536629011767491      
479.9999999930151      -6038.136838766976     -595.8432583241679     3444.360433574358      3.555188236288669      1.536227933245257      6.488755969966557      6973.552661540815      0.0007844040113478939  97.80258707516096      158.2338971829517      190.0971435364586      231.6530912680485      684.736071720488       6036.331580515946      3430.97391868379       1.199819536066611      -3.834088702619094     6.49664548347351       
490.0000001303852      -6002.23142714361      -580.4463244376066     3509.044112210725      3.625823376178871      1.543128686670343      6.447853213529491      6973.378355995302      0.0008029866019050885  97.80268543855476      159.473138732506       190.0972013162264      231.0344238528548      696.6659122253268      5997.630209124804      3495.737276072258      1.186107867328872      -3.906106424316437     6.455899328840124      
499.9999999534339      -5965.621799270126     -564.981289057234      3573.314975173298      3.69603010983459       1.549848100879756      6.406193658548737      6973.201941580856      0.000821627714068389   97.80278499501587      160.7046657022107      190.097261263079       230.4234718963177      708.4574196376107      5958.211050165443      3560.089379068493      1.172153333060364      -3.97764476456903      6.414395425147971      
510.000000090804       -5928.312280413543     -549.4499694726953     3637.165479324074      3.765800205318284      1.556385400012758      6.363782289208786      6973.023501120142      0.0008403221062982509  97.80288569786077      161.9285451610658      190.0973234026578      229.8201683610002      720.1081772951013      5918.078940971486      3624.022674938007      1.157958283918294      -4.048695023641773     6.372138738330726      
519.9999999138527      -5890.307277888747     -533.8541906230106     3700.588131806677      3.835125485152718      1.562739830067314      6.320624177534521      6972.843118371725      0.0008590643322501217  97.80298749986942      163.1448479816434      190.0973877595812      229.224442406607       731.6157917008968      5877.238805621475      3687.529661046033      1.143525111434757      -4.119248565447422     6.329134322283251      
530.0000000512227      -5851.61128050914      -518.1957848776273     3763.575490921252      3.903997827269726      1.568910658971726      6.276724482687271      6972.66087799065       0.0008778487477234599  97.80309035330725      164.3536485219715      190.0974543574328      228.6362197081069      742.9778940150612      5835.695654165093      3750.602885733637      1.128856246884236      -4.189296818813174     6.285387318159771      
539.9999998742715      -5812.228858027844     -502.4765918167712     3826.12016699227       3.972409165948851      1.574897176653111      6.23208845025112       6972.476865488675      0.0008966695176753048  97.80319420994716      165.5550243200228      190.0975232187511      228.0554227612489      754.1921393724944      5793.454582102955      3813.234949186769      1.113954161629569      -4.258831278310866     6.240902953662254      
550.0000000116415      -5772.164660569571     -486.6984580111296     3888.214823229148      4.040351492745777      1.58069869510275       6.186721411509626      6972.291167194016      0.0009155206233002288  97.80329902109192      166.7490558017617      190.0975943650176      227.4819711745189      765.2562083516991      5750.520769587773      3875.41850429813       1.098821365951677      -4.327843505494418     6.195686542319187      
560.0000001490116      -5731.42341805327      -470.8632368008952     3949.852176579587      4.10781685741047       1.586314548438291      6.140628782713192      6972.103870210835      0.0009343958691513143  97.80340473759661      167.9358260015487      190.097667816648       226.9157819487398      776.1678064296312      5706.89948087005       3937.146257521798      1.083460409309496      -4.396325129736005     6.149743482754984      
569.9999999720603      -5690.009939605629     -454.9727880742051     4011.024998575537      4.174797368794934      1.591744092962847      6.09381606433728       6971.915062378349      0.0009532888902967237  97.80351130989141      169.1154202959351      190.0977435929821      226.3567697432797      786.924664774354       5662.596063563539      3998.410969720503      1.067873879635355      -4.464267849309937     6.103079257950218      
580.0000001094304      -5647.929112965568     -439.0289780450034     4071.726116171708      4.241285195750468      1.59698670722101       6.046288840331659      6971.724832229579      0.0009721931595036191  97.8036186880046       170.2879261506658      190.0978217122743      225.8048471290524      797.524541013458       5617.615947896452      4059.205457005439      1.052064402598039      -4.531663432457498     6.055699434492857      
589.9999999324791      -5605.185903879789     -423.0336790303592     4131.948412576513      4.307272568014418      1.602041792051762      5.998052777360912      6971.533268949862      0.0009911019944347959  97.80372682158571      171.4534328800384      190.0979021916856      225.2599248291607      807.9652187013817      5571.964646133828      4119.522591568563      1.036034641887516      -4.598503718195254     6.007609661820726      
600.0000000698492      -5561.785355489545     -406.9887692272704     4191.684828075393      4.372751777086276      1.606908770638314      5.949113624036399      6971.340462335035      0.001010008564851625   97.80383565992882      172.6120314194375      190.0979850472752      224.7219119463636      818.244508729484       5525.647751718425      4179.355302507276      1.019787297952186      -4.664780617477474     5.958815671455426      
