0                      -812.6700286452202     -1364.871485090988     6905.671586866056      -7.012049157450219     -2.352848841122064     -1.287547363950947     7099.999999999999      0.001999999999999516   98.277102              89.99999999999503      19.99999999999999      10.00000000000496      -1198.771823176505     1054.413371105524      6903.822518772756      -1.01083733332232      7.400502990965544      -1.303120606225855     
10.00000013737008      -882.7439225547994     -1388.323441305201     6892.410431048498      -7.002599408055384     -2.337498796391931     -1.364659254402114     7100.066470735004      0.002013914805452575   98.27706739492317      89.32727073407655      20.00019235856326      11.27979378746772      -1208.759552102734     1128.365850694293      6890.405736435151      -0.9866925783553495    7.389850244881575      -1.380211026489281     
19.99999996041879      -952.7194142468678     -1411.620591771227     6878.378907060961      -6.992368893738168     -2.321887978360873     -1.441619560504181     7100.136763546301      0.002028838694593164   98.27703085875422      88.67577557701361      20.00038389669133      12.53835119669971      -1218.505362846443     1202.207525283284      6876.218809299431      -0.9624543466448527    7.378342175663719      -1.457148128463694     
30.00000009778887      -1022.58870161163      -1434.760337411186     6863.578573842974      -6.981358736953509     -2.30601812293313      -1.518419665805029     7100.210845669534      0.002044737682764682   98.27699240982467      88.04648339597954      20.00057456981369      13.77470291823272      -1228.008340252216     1275.929847235946      6861.263313631959      -0.9381265727242526    7.365979908002307      -1.533923298242573     
39.99999992083758      -1092.343994200759     -1457.740096652299     6848.011076414338      -6.969570147524383     -2.289890995195054     -1.595050970861076     7100.288682616301      0.002061576531188182   98.27695206743239      87.44022978170501      20.00076433377546      14.98801291910365      -1237.267608666438     1349.524280555657      6845.540911752945      -0.9137132002833367    7.352764667516258      -1.610527939121957     
50.00000005820766      -1161.977514100585     -1480.557305717805     6831.67814570029       -6.957004422541269     -2.273508389232823     -1.671504894185935     7100.370238190535      0.002079318965463229   98.27690985183243      86.85771967438241      20.00095314485874      16.17757581698565      -1246.282331791866     1422.98230211987       6829.053351859667      -0.8892181802377062    7.338697780840474      -1.686953472548874     
59.99999988125637      -1231.481496804228     -1503.20941891603      6814.581598347198      -6.943662946252847     -2.256872127947045     -1.747772873198492     7100.455474505504      0.0020979278854082     98.27686578422734      86.29953130618561      20.0011409598037       17.34281293770549      -1255.051713004805     1496.295402462602      6811.802467840233      -0.8646454715010852    7.3237806753578        -1.763191339069169     
70.00000001862645      -1300.848192082596     -1525.693908927597     6796.723336528767      -6.929547189947908     -2.23998406286425      -1.823846365170334     7100.544352001447      0.002117365564253592   98.27681988675702      85.76612125584178      20.00132773582916      18.48326726070798      -1263.574995170944     1569.455087010185      6793.790179077851      -0.8399990390567791    7.308014879255476      -1.839232999274666     
80.00000015599653      -1370.069864854162     -1548.008267090724     6778.105347742772      -6.914658711828451     -2.222846073945339     -1.899716848172548     7100.636829463883      0.002137593835633439   98.2767721824882       85.25783040953297      20.00151343065367      19.59859745819143      -1271.851460940112     1642.45287688754       6775.018490245635      -0.8152828545553517    7.291402021262685      -1.915069934749676     
89.99999997904524      -1439.138796053421     -1570.150003684602     6758.729704598346      -6.89899915687397      -2.205460069390844     -1.975375822021668     7100.732864042656      0.002158574267251622   98.27672269540331      84.77489062678148      20.0016980025155       20.68857122925925      -1279.880432711864     1715.280310008928      6755.489491091957      -0.7905008952259904    7.273943830582285      -1.990693649016645     
100.0000001164153      -1508.047283497956     -1592.116648210803     6738.598564593784      -6.882570256696876     -2.187827985443147     -2.050814809224886     7100.832411271586      0.002180268320468441   98.27667145038916      84.31743192129704      20.00188141019282      21.75305811910948      -1287.661272565784     1787.928942170262      6735.205356216333      -0.7656571427970577    7.255642136800796      -2.066095668481028     
109.999999939464       -1576.787642753998     -1613.905749672694     6717.714169884925      -6.865373829389046     -2.169951786185588     -2.126025355924358     7100.935425088976      0.002202637495443101   98.27661847322499      83.88548998073581      20.00206361302359      22.79202199931339      -1295.193382581814     1860.390347846693      6714.168344835878      -0.7407555840795739    7.236498869607514      -2.141267543375254     
120.0000000768341      -1645.352208000425     -1635.514876852835     6696.078847044078      -6.847411779359442     -2.151833463338462     -2.200999032840573     7101.04185785872       0.002225643461735718   98.27656379057014      83.47901386665461      20.0022445709252       23.80551336789846      -1302.476204560405     1932.656121428866      6692.380800542316      -0.71580020905228      7.216516058772235      -2.216200848701733     
129.9999998998828      -1713.733332891078     -1656.941618588308     6673.695006809527      -6.828686097162791     -2.133475036051904     -2.275727436214702     7101.151660392208      0.002249248174577227   98.27650742995138      83.09787375516804      20.00242424441358      24.7936616087287       -1309.509220392301     2004.717877985432      6669.845151049576      -0.6907950116061816    7.195695833831032      -2.290887185174809     
140.0000000372529      -1781.923391415327     -1678.183584043973     6650.565143825623      -6.809198859319246     -2.114878550695708     -2.35020218874993      7101.264781970915      0.002273413977207041   98.27644941974965      82.74186859860454      20.00260259462259      25.75666732988618      -1316.291951740747     2076.567254498359      6646.56390793196       -0.6657439876367898    7.174040424032166      -2.365318180161692     
149.9999998603016      -1849.914778756785     -1699.2384029836       6626.691836373456      -6.788952228125056     -2.096046080645964     -2.424414940551538     7101.381170369695      0.002298103689871028   98.2763897891866       82.41073360751987      20.00277958332244      26.69479488169551      -1322.82396042565      2148.195910619315      6622.539666352922      -0.6406511357789118    7.151552158008488      -2.439485488622116     
159.9999999976717      -1917.699912150086     -1720.103726038848     6602.077746092137      -6.767948451454139     -2.076979726068621     -2.498357370065833     7101.500771880789      0.002323280686200576   98.2763285683106       82.10414747226352      20.00295517293819      27.60836513519506      -1329.104848067725     2219.595529903539      6597.775104784439      -0.6155204555060478    7.128233463691412      -2.513380794046816     
170.0000001350418      -1985.27123173563      -1740.777224976073     6576.725617690705      -6.746189862550549     -2.057681613699922     -2.572021185017753     7101.623531338519      0.002348908957783457   98.27626578798245      81.8217392602355       20.00312932656779      28.49774858491844      -1335.134256435104     2290.757820589936      6572.272984717023      -0.5903559476950566    7.104086867983032      -2.586995809394669     
179.9999999580905      -2052.62120141221      -1761.256592960919     6550.638278650653      -6.723678879811789     -2.038153896623716     -2.645398123347096     7101.749392144665      0.002374953167812703   98.27620147986056      81.56309494140669      20.0033020079999       29.36335882341224      -1340.911867311624     2361.674516680177      6546.036150360363      -0.5651616135460723    7.079114996570447      -2.660322278028444     
190.0000000954606      -2119.742309687421     -1781.539544820664     6523.818638919106      -6.70041800656294      -2.018398754045632     -2.718479954143271     7101.878296294524      0.002401378694720686   98.27613567638592      81.32776350895283      20.00347318173122      30.20564642064025      -1346.437402330137     2432.337379017777      6519.067528334594      -0.5399414535129289    7.053320573718068      -2.733351974649029     
199.9999999185093      -2186.627070525776     -1801.623817304302     6496.26969059266       -6.676409830821515     -1.998418391064171     -2.79125847857857      7102.010184403616      0.00242815166671789    98.27606841076651      81.11526267469441      20.00364281298386      31.02509322858227      -1351.710623343946     2502.7381960574        6491.370127352284      -0.5146994678532271    7.026706421920098      -2.806076706228193     
210.0000000558794      -2253.268024194406     -1821.507169340308     6467.994507591889      -6.651657025053085     -1.978215038438597     -2.863725530839705     7102.144995735049      0.002455238988155029   98.27599971696161      80.92508412909532      20.00381086772181      31.82220712127396      -1356.731331976022     2572.868785092642      6462.947037891029      -0.489439654747748     6.999275461733863      -2.878488312939564     
219.9999998789281      -2319.657738106287     -1841.187382292077     6438.996245326552      -6.626162345917548     -1.957790952353739     -2.935872979057696     7102.282668227495      0.002482608358582225   98.2759296296654       80.75669836531296      20.00397731266738      32.59751717079548      -1361.499370054091     2642.720992987493      6433.801431856819      -0.4641660110058146    6.971030711403491      -2.950578669087946     
230.0000000162981      -2385.788807660873     -1860.662260210986     6409.278140351512      -6.599928634006034     -1.937148414181654     -3.007692726235922     7102.423138523827      0.002510228285358935   98.27585818429068      80.60955907363577      20.00414211531725      33.35156925287288      -1366.014619122651     2712.286697400304      6403.936562238076      -0.4388825301955812    6.941975286660501      -3.022339684036793     
240.0000001536682      -2451.653857082056     -1879.929630087067     6378.843510013375      -6.572958813568414     -1.916289730240142     -3.079176711176275     7102.566342000323      0.002538068090609064   98.27578541695173      80.4831071184087       20.00430524395808      34.08492206999169      -1370.277000828075     2781.557807539121      6373.355762750431      -0.413593203180596     6.912112400342773      -3.093763303133736     
249.9999999767169      -2517.245540253345     -1898.987342097237     6347.695752087882      -6.545255892231364     -1.895217231548134     -3.150316909403284     7102.712212796486      0.002566097913270605   98.27571136444733      80.37677411421166      20.00446666768165      34.79814357525761      -1374.28647671161      2850.526265224551      6342.062447472273      -0.3883020170518967    6.881445362114989      -3.164841508634089     
260.000000114087       -2582.556541550192     -1917.83326985108      6315.838344408075      -6.516822960706891     -1.873933273577966     -3.221105334086213     7102.860683845443      0.002594288706923337   98.27563606424302      80.28998562128503      20.00462635640006      35.49180777701053      -1378.043047968142     2919.184045951095      6310.060110471053      -0.3630129540732748    6.849977578166703      -3.235566320622282     
269.9999999371357      -2647.579576669348     -1936.465310634124     6283.274844483245      -6.487663192491407     -1.85244023600447      -3.291534036958847     7103.011686904911      0.00262261223403913    98.27555955445331      80.22216398204172      20.0047842808599       36.16649190235172      -1381.546755855923     2987.523159629864      6277.352325420414      -0.3377299922033739    6.817712550810719      -3.305929797930983     
280.0000000745058      -2712.307393455155     -1954.881385648603     6250.0088891087        -6.457779843555164     -1.830740522450967     -3.36159510923704      7103.165152588684      0.002651041057213787   98.27548187382368      80.17273082253737      20.00494041265637      36.82277389571345      -1384.797681114305     3055.535651801217      6243.942745208097      -0.3124571032513681    6.784653878201404      -3.375924039057944     
289.9999998975545      -2776.732772722701     -1973.079440251655     6216.044193966365      -6.427176252022115     -1.808836560232114     -3.43128068253383      7103.321010398703      0.002679548527911778   98.27540306171191      80.14110924303841      20.00509472424701      37.46123022833064      -1387.795944447901     3123.213604337694      6209.835101534738      -0.2871982535493562    6.750805253907706      -3.445541183080404     
300.0000000349246      -2840.848529077711     -1991.057444190938     6181.384553216244      -6.395855837840106     -1.786730800093637     -3.500582929772028     7103.479188757595      0.002708108773178487   98.27532315806958      80.12672572195265      20.00524718896486      38.08243399435015      -1390.541705908805     3190.549136650144      6175.0332045035        -0.2619574021238414    6.716170466598074      -3.514773410566937     
309.9999998579733      -2904.647511733097     -2008.813391837629     6146.033839078771      -6.363822102441408     -1.764425715948908     -3.569494066094155     7103.639615041747      0.002736696680738687   98.27524220342299      80.12901175723596      20.00539778103115      38.68695326946424      -1393.035165392447     3257.53440638272       6139.540942200616      -0.2367385013537313    6.680753399598848      -3.583612944486633     
319.9999999953434      -2968.122605322066     -2026.345302416763     6109.996001408076      -6.331078628393472     -1.741923804612466     -3.638006349769697     7103.802215614865      0.002765287882838405   98.27516023885372      80.14740526870077      20.00554647556818      39.27534970864233      -1395.276561984241     3324.16161061197       6103.362280266843      -0.2115454951577627    6.644558030545658      -3.652052051115561     
330.0000001327135      -3031.266730707681     -2043.651220234907     6073.275067256188      -6.297629079039993     -1.719227585530337     -3.706112083099382     7103.966915861974      0.002793858739157831   98.27507730597932      80.18135178319652      20.00569324861081      39.84817736099076      -1397.266174390747     3390.422986564901      6066.501261459879      -0.186382319489939     6.607588430931138      -3.720083040940263     
339.9999999557622      -3094.072845788794     -2060.729214905113     6035.875140428223      -6.263477198132144     -1.696339600507306     -3.77380361331655      7104.133640223945      0.002822386319069898   98.27499344693352      80.23030542445146      20.00583807711807      40.40598167995164      -1399.004320638076     3456.310812650923      6028.962005207756      -0.1612529012976593    6.569848765701501      -3.787698269558276     
350.0000000931323      -3156.533946302228     -2077.57738156912      5997.800401028545      -6.228626809449996     -1.673262413431062     -3.841073333485381     7104.302312232333      0.002850848383478611   98.27490870434613      80.2937297270729       20.00598093898434      40.94929870934308      -1400.491357737048     3521.817409490428      5990.748707153229      -0.1361611574957509    6.531343292830607      -3.854890138575536     
359.999999916181       -3218.643066621142     -2094.193841116803     5959.055104997999      -6.193081816414076     -1.649998609993255     -3.9079136833959       7104.472854544778      0.00287922336645653    98.2748231213229       80.37109829378996      20.00612181304984      41.47865442615738      -1401.727682137143     3586.93514061846       5951.865638689223      -0.1111109954444608    6.492076362846004      -3.921651096500494     
370.000000053551       -3280.393280549446     -2110.576740402798     5919.643583642187      -6.156846201687064     -1.626550797407456     -3.974317150455599     7104.645188980728      0.002907490356849916   98.27473674142504      80.46189531287393      20.00626067911092      41.99456422318138      -1402.713728982065     3651.656413664866      5912.317146485365      -0.08610631117297224   6.452052418396471      -3.987973639634866     
379.9999998765998      -3341.777702112189     -2126.7242524603       5879.570243150837      -6.119924026765523     -1.602921604124084     -4.040276270577634     7104.819236557549      0.002935629079994208   98.2746496086485       80.56561595202494      20.00639751792982      42.4975325151511       -1403.449972651702     3715.973681015945      5872.107652005588      -0.06115099000052876   6.411275993757265      -4.053850312960907     
390.0000000139698      -3402.789486341817     -2142.63457671199      5838.839564108334      -6.082319431561764     -1.579113679542198     -4.105783629065304     7104.994917527029      0.002963619879682841   98.2745617674032       80.68176664293922      20.00653231124377      42.98805245422546      -1403.936925982773     3779.879440985453      5831.241651016919      -0.03624890477770337   6.369751714363921      -4.119273711024958     
400.0000001513399      -3463.421830060199     -2158.305939178074     5797.456100995414      -6.044036633975706     -1.555129693718288     -4.170831861492832     7105.172151412241      0.002991443700475547   98.27447326249195      80.80986527031224      20.00666504177388      43.46660574102438      -1404.17514073413      3843.36623849874       5789.723713089439      -0.01140391634903443   6.327484296302395      -4.184236478817267     
409.9999999743886      -3523.66797265632      -2173.736592681384     5755.424481682053      -6.005079929456759     -1.530972337072005     -4.235413654582252     7105.350857044699      0.003019082070437383   98.27438413908929      80.94944127704869      20.00679569323342      43.93366251946046      -1404.165207212593     3906.426666093244      5747.558481087455      0.01338012746297523    6.284478545807723      -4.248731312647911     
420.0000001117587      -3583.521196859543     -2188.924817049528     5712.749406911631      -5.965453690555707     -1.506644320088873     -4.299521747076247     7105.530952601879      0.003046517084376396   98.27429444272008      81.10003569684253      20.00692425033562      44.38968134420028      -1403.907753867166     3969.053364913867      5704.750670651933      0.03809939285443903    6.240739358740106      -4.312750961018615     
429.9999999348074      -3642.974829508342     -2203.868919314046     5669.435649776378      -5.925162366466586     -1.482148373019972     -4.363148930606808     7105.712355644999      0.003073731387634263   98.274204219238        81.26120112377174      20.00705069880109      44.83510921111145      -1403.403447776104     4031.23902538113       5661.305069674258      0.06275005959613078    6.196271720052848      -4.376288225490407     
440.0000000721775      -3702.0222423144       -2218.567233906557     5625.488055184156      -5.884210482558463     -1.45748724557867      -4.426288050559649     7105.894983157095      0.003100708160462325   98.27411351480374      81.43250162806002      20.00717502536478      45.27038164154263      -1402.652993779625     4092.976388337128      5617.226537761297      0.08732832274746039    6.151080703241602      -4.439335961546962     
449.9999998952262      -3760.656852621978     -2233.018122851848     5580.911539316611      -5.842602639897252     -1.432663706634318     -4.488932006934056     7106.078751581369      0.003127431103031742   98.27402237586334      81.61351262548308      20.00729721778236      45.6959228129593       -1401.657135063877     4154.258245670682      5572.520005691894      0.1118303920778617     6.105171469795264      -4.501887079453414     
460.0000000325963      -3818.872124162448     -2247.219975957893     5535.711089078768      -5.800343514757417     -1.407680543903025     -4.551073755198201     7106.263576859767      0.003153884421081039   98.2739308491262       81.80382070786104      20.00741726483598      46.1121457284931       -1400.41665226073      4215.077441451554      5527.190474864777      0.136252493758877      6.058549268611469      -4.563934545110558     
469.999999855645       -3876.661567803901     -2261.171211002762     5489.891761540075      -5.757437858123613     -1.382540563635479     -4.612706307139684     7106.44937447176       0.003180052812221349   98.27383898154307      82.0030234405952       20.00753515633994      46.51945241944748      -1398.932364042267     4275.426872544755      5481.243016737934      0.1605908697995226     6.011219435431711      -4.625471380904287     
479.9999999930151      -3934.018742295708     -2274.870273918393     5443.458683366986      -5.713890495182263     -1.35724659030186      -4.673822731711167     7106.636059473396      0.003205921452909676   98.27374682028385      82.21072913304167      20.00765088314546      46.91823417496617      -1397.205126187059     4335.2994897327        5434.682772259561      0.1848417797171812     5.963187392223122      -4.686490666550092     
490.0000001303852      -3990.937255007958     -2288.315638971198     5396.417050247095      -5.669706324803055     -1.33180146627384      -4.734416155870949     7106.823546536466      0.003231475986086358   98.2736544127154       82.42655658635145      20.00776443714513      47.30887179423545      -1395.235832085632     4394.688298349875      5387.514951290545      0.2090015001205312     5.914458646593059      -4.746985539932485     
499.9999999534339      -4047.410762665654     -2301.505808939478     5348.772126304905      -5.624890319010326     -1.306208051503741     -4.794479765418369     7107.011749987881      0.003256702509471113   98.27356180637916      82.65013482330716      20.00787581127712      47.69173585668988      -1393.025412276161     4453.586359232709      5339.744832018606      0.2330663256821239     5.865038791161122      -4.806949197939207     
510.000000090804       -4103.432972077579     -2314.439315287615     5300.529243509257      -5.579447522444434     -1.280469223200814     -4.854006805823769     7107.200583849186      0.003281587564523296   98.27346904896879      82.88110280367846      20.00798499952845      48.06718700669941      -1390.574833951824     4511.98678966186       5291.377760364116      0.2570325700863135     5.814933502908979      -4.866374897290005     
519.9999999138527      -4158.997640859711     -2327.114718337007     5251.693801072499      -5.533383051813018     -1.254587875504706     -4.912990583052992     7107.389961876209      0.003306118126041155   98.27337618830775      83.11910912859918      20.00809199693801      48.43557624923484      -1387.885101484401     4569.882763979485      5242.419149377656      0.2808965656349672     5.76414854257231       -4.925255955359904     
530.0000000512227      -4214.098578153124     -2339.530607433727     5202.271264841423      -5.486702095332213     -1.228566919156141     -4.971424464386182     7107.579797598813      0.003330281592397116   98.27328327232679      83.363811736684        20.00819679959898      48.79724525379393      -1384.957255408258     4627.267514678394      5192.874478629368      0.3046546648622243     5.712689753938688      -4.983585750996747     
539.9999998742715      -4268.729645336224     -2351.685601112883     5152.267166680064      -5.439409912157797     -1.202409281164832     -5.029301879230728     7107.770004360761      0.003354065776388758   98.27319034904139      83.61487759441653      20.00829940466095      49.15252666405608      -1381.792373053172     4684.134332974795      5142.749293590176      0.3283032400146228     5.66056306322745       -5.041357725332894     
550.0000000116415      -4322.88475673127      -2363.578347259629     5101.687103844381      -5.391511831806331     -1.176117904474653     -5.086616319928224     7107.960495359616      0.003377458896694784   98.27309746652926      83.87198238292076      20.0083998103313       49.50174441115355      -1378.391567496121     4740.476569883121      5092.049205004893      0.3518386846419762     5.607774478354291      -5.098565382590864     
560.0000001490116      -4376.557880305037     -2375.207523266821     5050.536738348907      -5.343013253566252     -1.149695747626116     -5.143361342555258     7108.151183686729      0.00340044956991193    98.27300467290777      84.134810182976        20.00849801587633      49.84521402869979      -1374.755988095192     4796.287636807489      5040.779888257319      0.375257413217206      5.55433008828681       -5.155202290882833     
569.9999999720603      -4429.743038363552     -2386.57183618929      4998.821796325416      -5.293919645898978     -1.12314578441618      -5.19953056771788      7108.341982367252      0.003423026803162354   98.2729120163112       84.40305315981892      20.00859402162169      50.18324296803022      -1370.886819958092     4851.561006444365      4988.947082727383      0.3985558620674065     5.500236062318944      -5.211262083003755     
580.0000001094304      -4482.434308240793     -2397.67002289469      4946.548067373697      -5.244236545830069     -1.096471003555407     -5.255117681339552     7108.532804400174      0.003445179987249414   98.27281954486836      84.67641124903948      20.00868782895235      50.51613091234928      -1366.785283383967     4906.290213676111      4936.556591140369      0.4217304902778711     5.445498649323696      -5.266738457217961     
589.9999999324791      -4534.625822981237     -2408.500850210911     4893.721403904451      -5.193969558330411     -1.069674408322531     -5.310116435442454     7108.723562798315      0.003466898890340337   98.27272730667994      84.95459184467174      20.00877944031214      50.84417008868289      -1362.452634415332     4960.468856143039      4883.614278908315      0.4447777793338643     5.390124177086282      -5.321625178039078     
600.0000000698492      -4586.311772016181     -2419.063115070022     4840.34772047444       -5.143124355687503     -1.04275901621646      -5.364520648921975     7108.914170628363      0.003488173652161555   98.27263534979606      85.23730949056679      20.00886885920294      51.16764557654867      -1357.890163710111     5014.090595279914      4830.126073463656      0.467694234649667      5.334119051486345      -5.375916077003125     
